4135	60331	48780	38485	73020
36918	62787	63747	40848	48094
58148	63187	26814	62087	10425
19136	70161	66499	64353	78893
31547	86859	73541	60106	71506
52551	75293	2368	95933	63868
49126	60512	80535	31073	5480
25187	32383	92440	38407	9735
85266	80983	21244	19583	43234
84824	57317	96347	10317	11692
65638	7073	38470	1077	91007
42705	2378	98804	79574	36460
695	24860	41664	44481	76657
98781	92042	84921	51655	57555
42524	69365	52733	84114	67060
50700	27825	6101	14310	64341
46192	39624	7206	5365	18356
3287	1073	92217	98023	10818
39823	32033	98949	27566	26017
6081	29271	89162	29367	33631
21622	49092	36186	69323	49297
50603	52633	31602	78471	11786
24887	50708	60410	98974	99326
46380	80733	28791	31505	10326
22905	98930	6840	65398	43742
96549	82848	68897	26396	39305
72890	51761	56334	74716	51180
55036	3136	92942	12016	90182
86127	81554	8175	64889	78103
45589	51120	95677	11439	78344
9081	24089	15673	13043	70949
49279	36438	99868	7529	79359
7664	13829	68344	56164	21704
2591	66555	87195	65940	75876
20345	26903	53311	50194	79684
25013	67627	92826	84201	39287
23331	39725	54452	352	73080
23580	69701	72964	20931	49909
16104	43746	24151	20583	5331
38942	28600	81660	51618	1786
42706	36889	13464	12746	2358
99678	83908	20067	70026	86257
86091	47808	2946	19324	97657
59777	16678	73609	83604	2102
48142	28859	50262	99144	5172
32998	53856	18082	74650	38668
15384	66031	76267	60377	42345
89400	22817	82613	19975	45549
37	34200	55461	70459	2772
71454	18319	13974	98141	79258
8717	62762	38545	52018	22992
97319	76334	43474	24769	46086
98766	62608	89837	71344	85601
40722	54892	14631	15618	88153
69239	48961	79175	50198	88206
2897	85715	50163	83035	84392
33464	32535	36525	16555	5098
33093	13473	6588	71243	85613
71200	71458	72622	56957	38835
40908	23280	25228	6964	20823
1210	85009	55390	31488	66923
22415	90262	96672	3869	32223
89033	74988	57969	80524	84998
4417	31398	58205	20748	31004
17139	2806	16194	21749	68444
95418	18103	51615	54701	22983
79050	98929	56007	38050	97974
16120	71308	50784	37049	25499
29978	27245	85306	12431	56491
34002	11547	5323	52576	49361
36356	22143	4622	93974	18259
16372	97744	60438	55814	42563
18737	79293	9640	81650	59186
53210	65977	40149	34831	84867
32387	12488	96895	23190	17736
62280	77377	89516	24799	14073
40730	47354	75982	85014	85546
87898	39216	50920	12996	64116
94743	59018	50088	53313	90333
69772	27526	25371	34988	58064
66072	15134	68485	68188	56600
66661	50411	89035	69448	96691
16344	71405	18479	50529	2467
87048	73729	55005	82686	18744
2275	88186	67305	49756	52718
44472	42623	74365	20480	59963
79108	90054	71729	30688	83643
48460	97957	86422	53264	61694
59505	73991	82290	79629	64885
31799	62602	91771	94460	6143
20874	63474	3635	18862	29352
45296	85270	98742	55237	42364
2022	77748	654	12957	80474
86837	61411	93619	62549	69470
18454	52600	92313	34145	7175
80897	80916	37297	49622	95479
4902	60093	12417	88343	69087
78633	79319	16840	27799	4106
75092	13370	12387	29189	13803
84965	41786	7087	37803	13560
99446	99859	98756	53118	91945
71567	59977	52843	19147	34048
92273	8182	60941	2376	63706
80665	84336	2935	52608	21939
39505	56812	33911	22748	70898
6790	9751	38464	41343	90188
99316	88598	93765	54963	16625
58578	2596	14885	71756	76190
75119	19051	90764	50875	36791
46383	28214	28565	22151	8060
9329	68049	37672	78063	99547
36888	98859	15739	74614	88945
44611	92825	92671	21809	26041
46420	24612	48010	41343	43208
82342	84625	63687	35087	75073
48548	31228	38324	98667	71355
11244	48349	89027	1543	72133
88209	58008	14345	73072	44950
47998	30322	60841	70331	41638
51275	36057	62721	72063	78591
18270	60802	51146	45261	88561
19106	72291	28857	50933	32290
66443	96991	35119	17880	34066
77360	91353	29571	72770	1560
81731	42179	89009	56672	15169
56381	59476	28418	92855	70005
62476	41479	69954	79528	17689
38304	95129	67463	90691	58450
11736	1596	79952	33274	49205
23707	34933	98105	82097	51653
55435	21525	47780	21019	35727
21475	52525	21435	38176	48215
35637	73278	35279	99718	44758
13009	35419	60431	31539	44285
30620	40833	19673	24239	6250
39925	55082	23856	71785	97051
49217	40840	81809	15156	52282
7927	11862	91058	90367	99919
89246	90010	20946	34630	49406
19001	83765	85625	92897	81201
79243	17225	61012	26224	81622
24222	68464	23355	17821	14331
38898	97861	42959	13902	2799
71218	12764	38308	30555	77106
55789	14095	26081	66227	5594
52647	71028	66765	96366	43671
35779	31058	65175	18487	42709
11162	38257	54966	48744	27647
18759	56935	65498	54742	54197
76867	50272	93768	86313	5544
30887	22031	38778	40556	18536
67384	981	7242	96593	68480
29016	17729	12130	93825	61571
16470	52961	68875	96494	34459
26554	77649	85720	46934	12368
68686	21677	71519	82175	37770
11397	37329	19402	82443	83905
46217	92678	13879	85648	53200
89250	41959	66693	51026	50866
19828	62817	76022	89963	32
43591	83954	46868	67456	84615
22837	62305	72125	24288	6874
83272	492	98306	27047	10878
34935	29763	25309	32422	86939
81585	40292	21194	12918	89261
2337	51332	35765	40787	95739
44115	61121	82751	61526	22346
71796	37595	54847	98216	36584
96475	49388	83617	83787	11570
99491	39700	47259	31966	45354
57877	47760	43768	26538	33608
42765	55220	31096	88797	52265
41855	8472	59582	85183	80728
17344	35141	35381	20848	57398
6746	47492	32918	74241	53684
21844	42912	9364	82448	59335
11762	58030	68616	57029	84202
26413	50939	46390	93950	16565
15036	24332	60608	98430	25808
68978	69253	94534	48878	11566
95505	831	39904	80594	68481
58847	11578	38348	17968	73443
55574	48007	21991	40338	48901
53535	71723	224	53192	7095
13886	44220	30261	91906	19394
31208	35085	39269	50834	71546
95561	49568	2548	55537	95901
19051	25211	8733	24643	18572
27970	22981	10840	53673	25991
30212	35027	75632	51521	44134
33297	18300	45644	79476	17954
83259	52919	99484	56223	48192
57871	10067	19672	76190	28524
32565	36564	80928	1600	97422
49006	10197	2911	93050	97246
72224	52705	20263	72590	68493
85679	92612	18743	59090	4309
42444	44563	15663	25363	96872
48720	29810	34139	48435	11982
33154	86534	31983	95561	3205
19417	28693	53989	52632	79681
9670	81300	10848	52501	14039
85328	35769	94212	47046	35191
97407	31330	22454	8113	88334
91471	498	46897	93056	44006
10198	8207	71161	10897	4604
74978	85993	81885	30092	31454
44047	21459	64435	11944	75124
44945	23578	96266	96123	79836
72641	49505	68126	11221	99251
29715	24807	4754	21821	1757
93537	72297	21787	59326	54379
33136	92144	99411	62400	33117
30479	11416	72726	36305	77478
98764	37579	35571	6064	79542
51207	41055	96668	97721	86565
53483	55928	32083	83631	57248
2879	84682	45128	90396	10297
76093	45956	93352	17249	58730
61292	73709	59168	72157	87795
20817	10420	98872	98141	93912
88724	20060	54355	46003	71338
86336	54136	36610	68590	68694
46110	22170	27338	98796	34118
56825	1187	21721	47263	87746
65666	89346	36049	76048	49460
46164	81051	15152	70260	68056
23814	92724	82843	79114	29878
90244	53813	77536	13395	88272
65979	3119	80005	83375	92492
1362	25253	92257	89137	13130
84892	73978	77202	51939	97948
86318	45397	83843	3404	27425
58353	10050	11103	32951	84418
42109	80242	67507	49919	34102
21981	66048	70723	75380	65493
75692	9063	41251	76089	9777
6145	81561	55822	88155	66795
36844	14537	21157	23744	80973
90285	97691	23356	8798	14782
77127	87094	52367	85310	67882
18639	5645	9946	87974	25316
88425	79148	50409	58608	12911
94196	47510	81160	86942	5657
11579	3976	80536	55536	12547
9261	73746	72937	59119	42307
45360	32424	19089	30137	58143
2761	56242	52509	88718	87551
84780	81793	52257	87673	4011
61386	82875	82937	52211	42927
54613	62938	14417	90768	88097
9026	98094	84277	68776	74046
55147	25560	563	58962	16358
87823	11011	79199	2003	52406
68692	45118	73556	95500	505
64433	73053	35833	72411	93720
76807	12139	23070	17419	49147
87225	39975	47029	40731	96322
62442	3076	6634	34336	25331
9454	59383	14822	27127	6715
69316	87784	71983	42771	35445
28527	981	33631	52811	68324
26729	92638	47034	23657	17807
62965	93734	32009	61690	45050
38317	80098	97890	52318	58208
55955	81378	66964	28955	76523
21161	97829	63490	43010	67966
268	22453	92994	33254	26289
6550	53499	17010	86493	45715
87737	65635	35624	64334	12126
37093	85971	58194	50665	30153
28191	5590	50937	46694	73543
23430	88053	67501	4782	68973
82411	16367	23887	34526	14997
94409	14967	5448	8122	34902
23343	32279	29019	52751	39714
3195	91399	81491	58716	56440
2812	89578	38150	82255	24311
43820	43769	79657	23499	39941
31911	79748	2469	47156	67877
88994	45427	93554	62149	67120
88877	69969	61755	21888	49727
82663	21992	46845	23071	70245
72384	21953	15692	35559	80130
70345	24639	9748	46777	2119
85873	1790	94164	91598	7045
14190	32975	10607	83882	86272
54734	40964	19008	36978	45987
65430	98951	78279	63385	14824
77229	67207	19971	33731	7995
64291	72841	26359	41144	50277
76642	22182	92987	51259	25741
7428	42602	75115	58127	95025
92731	38996	42329	25703	42675
16053	33323	91859	73390	76849
408	47248	20173	69630	22139
42455	36104	51624	994	86234
55797	31300	80899	5644	79215
80631	46522	11203	88762	24531
21659	88281	39521	85329	34899
77599	39842	79000	96539	18885
39541	54011	20332	25927	50574
68962	19092	98046	68361	38451
271	62540	32806	61925	17605
18335	3707	63599	83542	87391
80981	78287	46197	18493	89909
84371	84629	59059	4263	61846
22276	44058	65202	55479	91680
6268	79352	5955	27929	71020
56793	45351	82036	6416	33658
34015	23288	86567	14486	86717
86334	12788	39315	46289	40853
62571	95839	3769	95581	66980
28770	9213	78968	94751	39518
57825	95696	26515	59541	42468
86837	58578	21783	89119	39658
86408	91018	8734	65729	60963
28631	57707	17038	23856	70878
96071	94394	17672	77195	51480
66178	85070	62530	18226	71497
59892	70948	54155	38677	78592
68822	7894	10378	46467	37805
74901	62016	11735	22120	33374
62433	3452	91971	43030	31772
94205	6250	69172	713	42520
13273	31338	30632	14935	94979
18181	2180	71067	59666	58202
43222	42146	96291	69495	3603
8057	12000	4216	6179	13649
55064	25301	24750	33957	3540
80333	18069	47875	95756	4252
83243	62994	79416	94781	32948
32091	98194	5755	66608	25604
78123	64631	4194	3948	17147
43022	66299	20291	85194	46902
48611	97233	66648	86714	51926
93611	87157	83140	63334	43999
34008	97805	23169	79041	40875
76581	40076	82310	33939	33900
73248	62253	59632	49282	53246
18307	80246	32601	53934	21287
5429	27400	22697	55086	92898
47884	53569	58985	85772	44439
96891	85434	8897	32477	17646
98096	80746	19356	46549	11433
58931	58584	84294	63312	3852
39637	9395	12383	98749	11141
8230	40696	32177	12980	86160
74279	19298	91929	28034	8441
37820	7089	89858	60606	94238
70067	16776	22843	60946	49431
50282	37392	63794	71813	88206
28119	44343	89253	92057	93221
27918	91479	56884	64677	33676
69433	73826	51689	18691	24255
19882	15760	24907	40669	59315
67676	38018	93338	33563	24867
42286	49429	21872	72391	33311
39148	93429	82253	92791	3113
88303	58349	78041	74553	11439
61411	33135	41456	36739	73945
64101	19911	37125	83058	21799
53502	69804	28333	64856	34898
73977	28118	36309	16491	9382
33517	77989	7805	31771	14736
4813	47828	64171	74016	65432
43192	70608	94021	6723	60356
58586	12527	84959	11423	40906
56574	70209	62119	21672	54628
6658	62317	32375	63407	74911
69040	10297	62766	31633	99797
14248	98517	33003	90423	48579
26129	74310	31784	6752	19823
64765	64415	74083	54472	16401
40758	10504	84398	91614	85650
79358	59098	99898	9924	87535
7762	95585	58009	61330	44950
28329	40972	80820	17933	27960
6310	3019	30210	55940	98167
14477	36843	56012	3193	19835
85459	21722	60461	62818	33010
62199	41862	37968	54656	88202
98320	72433	89109	35075	54851
29862	72141	14183	97494	32365
29090	4668	48381	13591	7867
17514	64476	88766	89293	834
78830	83441	99712	96008	10454
76125	6482	57477	22241	24864
735	71030	79043	43202	30332
91913	19857	21224	59032	3643
54411	77447	48840	7842	35025
87202	87701	4793	57861	25042
76930	87232	87283	56849	52530
53966	936	30908	48781	72342
49552	94514	32117	29011	14923
13763	91606	56006	56841	37553
42076	40266	98281	56018	20746
35163	88442	49071	8169	52451
62094	81372	60182	39405	42128
41396	38897	32004	7482	59433
99633	77330	34611	54152	15498
11703	26226	72474	61796	17144
31503	56364	45611	29876	65187
78877	53313	61392	61250	5340
24219	21464	99073	99240	54623
30644	8150	72975	39471	91499
24709	62632	80191	63396	3375
3964	93738	83736	59359	93182
88606	9996	79286	88749	68756
45272	5143	30758	79338	53015
80341	29403	61801	53349	3400
82532	44329	49261	6050	17178
41573	79655	75873	69278	60731
71275	84969	3566	65841	56215
30539	95029	63545	94283	74278
71453	89520	66969	56649	39145
65161	80845	83069	44214	96375
37551	23336	94443	16613	64215
22826	71523	26344	23303	28079
93134	4779	81935	27706	92734
46517	54776	54431	38160	91680
2973	32585	69610	38422	51037
64074	95469	10470	90106	23601
32741	43140	57965	47892	84212
32192	80284	4264	41126	9674
85236	88977	82845	90427	45770
88340	21407	1445	73190	83455
62536	22885	41806	71161	98874
2819	32520	51500	46200	27409
81582	77083	1381	77	25910
59229	39650	56911	15605	11196
19381	15173	28112	84829	71106
56853	32057	1119	50631	829
8992	95633	20224	15343	81900
306	79185	20126	77527	36680
63810	6088	32243	1107	16256
98543	20470	84278	40035	82307
39877	70078	88470	57774	88184
58767	86447	63958	63998	40045
45285	31655	2718	83157	32570
30934	61806	40355	38853	94458
16263	88415	40021	81451	821
32584	13882	9850	59668	57370
54030	34311	82837	36149	15962
85658	28393	86000	5910	21950
8689	36213	32304	18870	92866
95728	29613	22872	78388	99616
58226	48376	86532	72555	97428
59327	70231	59060	17452	14591
84573	73470	56742	98200	47949
4886	95569	83617	55402	64505
4462	25480	86456	28449	32224
19962	15781	23557	42958	61712
54608	76795	37344	33261	94473
94715	58457	10721	82853	74076
9781	41686	5008	40400	18971
25018	54387	91077	5287	93111
14762	75680	44980	4940	9692
9085	29227	99961	94017	88653
17647	28300	13437	85204	12365
59388	51714	10639	68777	12208
52118	7910	98248	67379	16398
27122	31008	32695	39033	66702
34234	88928	88818	51431	72310
8942	95456	38150	10118	77640
24955	56131	98815	46487	52279
96323	99033	97981	56444	21129
85492	7340	91979	33103	82942
2652	37646	55306	36081	96610
21592	11014	93144	25975	731
40615	61738	80592	42321	81398
311	21735	23988	25111	15584
5063	14110	83404	29993	51290
61585	40331	54468	33490	31663
88974	12332	3205	41583	71782
1241	13920	41545	94517	98883
25020	64234	21408	94843	40439
93931	84408	76860	30445	29651
10811	98015	68580	79264	80625
47020	96854	6144	41586	41556
71107	46629	10046	83460	36295
78545	51667	4539	69809	74650
62038	82213	18048	91143	8048
38571	5797	10857	84660	68184
17177	56737	1635	86445	15953
57016	18822	94904	53065	95035
55107	5527	83662	79404	70991
19338	48656	80757	55304	5388
98654	15357	93069	34641	76703
60750	92482	68951	75846	28674
89409	74496	57844	83709	47084
25210	13837	85255	10842	66889
22826	56392	85109	86129	29288
97591	55725	30813	64450	9729
7340	12114	49476	51081	54136
64695	85539	47365	41595	58834
52567	22584	9982	46215	62956
55012	96699	67436	23585	56870
488	49116	35635	21443	75372
49505	68728	40378	13752	81145
17700	60470	81120	49168	10385
28461	85823	74573	64874	83721
88176	98923	15582	79595	81437
67036	44070	66149	62754	57789
82237	68318	62774	68150	35363
78666	58017	46611	66885	5779
57584	77018	6618	10952	41356
33250	80142	31797	49611	46323
96850	90606	5780	28872	82750
43630	25214	68015	58315	76655
52938	82042	40086	38575	74898
23426	49609	60301	7355	79700
46832	5906	24899	83407	4532
99695	62811	69519	91627	22566
33530	20057	2140	66244	87073
77202	13839	92693	86249	47953
96439	14258	88166	70012	49913
76064	15959	26348	17511	69658
30142	73770	71458	29691	76213
40821	9474	44580	54492	4075
7023	98882	71683	25893	15612
44773	33133	85921	43088	87002
32087	66250	98698	43396	18783
30150	44460	7484	19781	900
88242	9668	6105	83658	11225
46778	95819	95635	81290	61650
61101	25589	21415	45882	98280
56639	32921	12166	65115	36892
12416	47200	95648	75145	93340
89631	45100	69693	76124	75224
83548	7560	98732	43388	40906
51018	97888	30918	58893	93824
5997	38606	38890	21477	32643
86948	50657	75862	93806	62720
44483	22225	66426	94709	92992
76540	22769	9768	41129	20061
91967	63808	64509	84676	10252
9860	21011	94475	10959	97862
16847	99286	93515	85435	79066
10165	97646	8397	33891	31979
62899	23383	80885	87284	25095
73178	51756	76749	24259	21901
22868	78309	59918	23190	25440
77699	19038	95593	36175	88560
59306	65498	8610	12631	98625
61659	99384	572	31000	96569
3642	91992	82470	33157	93730
980	56531	95013	78032	59066
80002	96309	71772	28735	14977
41599	10586	79957	13038	17511
12242	68462	31423	52229	79351
70359	82598	34067	33394	65543
64789	46338	87522	18295	48064
8130	43159	99597	65003	40594
33198	27480	194	75543	757
32779	36497	34781	35169	64838
27450	48658	5386	62285	77440
92853	18546	61941	61176	25310
1245	81482	88167	68008	90930
58721	5020	45114	6984	86373
33742	79518	49456	28311	10779
79374	20284	18600	8652	68338
83505	50250	76991	53250	9427
11327	38944	49152	31772	90981
63674	58266	92820	8948	22908
70450	25489	26384	70570	71527
22477	824	66509	62114	99156
40032	59162	26832	83349	30108
76952	50936	22892	40307	42390
66685	695	76891	15198	53351
78353	11961	10780	22055	19488
45474	79956	53524	77202	48122
66453	3142	32742	92165	53258
98383	9470	77689	92550	32426
72902	45615	78543	39707	3928
52120	11295	53404	7035	6732
48246	37588	73218	98262	39903
23569	67408	10079	94025	17411
14538	63094	95464	52923	21724
15025	99806	68930	81667	97746
89331	76447	64077	81713	83542
12410	40592	81644	54937	48914
75634	93509	28649	4000	58994
67779	438	26798	10895	800
79675	68106	26905	14991	84045
40370	18904	28498	76376	61865
31253	74910	74674	73692	53158
41493	22568	6851	11381	3747
97615	70576	46516	61775	63265
41953	42458	1235	40646	10964
25215	50414	78980	55703	38691
48761	79797	8500	58026	95417
4280	34732	51656	43071	11042
43163	44399	80426	57414	45816
85896	75431	31589	1795	48720
36495	7857	79915	39891	80631
30882	90647	87380	44297	5937
28195	81725	10917	10925	34491
73436	49278	22761	65164	46581
21720	37334	19266	51464	99098
44351	52646	53282	50861	41357
85884	77916	76104	63538	16564
45181	99406	54559	20539	99329
63148	26039	3186	35244	44781
35735	88093	74240	28544	81143
26475	40328	50617	31006	63990
7593	39552	87351	6875	8354
4224	33631	41705	96104	13498
20825	86274	21474	85012	60873
87870	6061	12265	32922	97091
71712	52019	59018	22902	9569
55572	12695	39834	54750	82622
88898	61068	66185	61697	93727
43418	21043	82940	11401	42617
44612	35909	9329	41592	75550
15149	61187	61332	99771	87440
30134	51316	16659	11694	87253
12027	31051	69834	80815	40285
64427	63426	9676	8103	40212
74617	55336	2899	48155	49490
71227	40714	88326	68668	41652
8042	32718	48063	40552	23911
38462	14713	82987	43797	85962
51082	2137	65010	66338	30323
21448	68916	12863	27072	76012
73360	53130	6350	3086	95586
79673	23797	17648	99046	3761
13584	68322	589	37778	17399
63811	17870	88723	31773	79199
13489	23699	96611	28774	55340
27279	61302	36436	90258	70693
59717	35481	37022	91425	5406
17985	24550	23851	15683	46348
41608	17934	96840	35092	18558
71090	96873	46437	42262	40249
94942	75163	72783	49215	99140
59824	31882	66	64547	17443
56364	40079	79267	45908	65905
4531	70687	73688	68832	53464
25863	96806	41969	80762	18004
16708	68415	2971	52540	49796
69049	17097	43778	49458	34307
82332	91124	67676	20011	21858
57039	97204	36321	33753	3488
73383	35728	17319	84487	95438
85025	30428	9185	73302	50031
9135	75361	51151	52847	88291
42837	45391	45207	18279	16964
4272	46785	39080	65981	39065
74867	76276	59764	29053	36640
38866	43223	8693	73676	98983
61814	66956	61601	51926	31921
46382	29880	58049	60257	97420
16335	54040	6251	51974	79345
37315	24898	4197	26178	58676
83349	68894	2650	89144	86288
9463	24292	10198	27060	46912
81716	12477	95433	10217	75347
83086	47786	36391	83678	32146
51630	96004	61157	31044	6939
90243	20995	37667	23701	73768
11295	63256	24323	90612	43560
22736	20796	97189	72756	66229
42606	52979	8459	67439	50979
21559	33607	60355	92259	88902
29458	5442	43663	40026	22815
35287	64624	26944	42432	96134
34518	70187	49437	13547	27173
57743	17895	84769	5965	25348
62390	27334	99689	71356	59445
58851	80621	55744	62851	56928
53376	55629	45165	14857	412
62359	68958	21686	52340	66145
75594	63010	17037	23715	21535
86326	15220	22531	48003	53082
41647	37405	75987	39057	55448
97612	75568	52777	64621	50116
47045	14922	1152	42986	85383
9420	45570	23765	61500	30120
24026	62869	91460	4617	49394
52085	27899	52726	95291	75395
71560	24450	72368	76162	9352
94989	25142	16859	37385	90618
75468	58881	93551	48449	4296
98114	91041	681	31265	14880
35973	61821	88020	92083	26175
58872	43480	57785	3025	42372
19047	1537	6024	71197	58600
73520	28951	9001	40799	69290
18232	94015	53908	79152	96804
84720	43089	55543	57173	68417
79180	65793	27426	57122	48952
29752	71736	64509	89002	88758
74166	62439	40757	58658	38430
93035	95209	57827	7007	9159
25527	802	64234	33048	74931
88644	88576	26692	59715	86127
9700	86727	15551	5041	58173
14211	25445	91245	49803	99101
63224	50529	25430	28788	92178
17763	31970	77368	37840	55794
34220	67555	33625	83402	63969
26040	49948	69241	93419	7359
82572	43379	50387	48838	54049
75832	17628	11060	76051	77673
11349	25901	10078	68716	88956
61115	51089	57759	46640	10418
28428	53062	41545	90648	65554
66088	80914	3494	97135	49166
69200	56850	54944	49413	25380
68897	4295	95924	72789	48676
5299	22582	99156	87335	2871
27793	51949	67809	8295	6090
99313	76048	72128	98706	69677
15090	5529	11785	71311	71737
4551	39151	50804	24501	22956
46933	66644	40328	24651	19869
33744	11200	75125	55596	71201
45448	42096	16806	95007	28392
33467	96073	20018	655	78912
29127	95077	62711	95234	67047
75148	98881	61813	66793	57534
11080	83450	5918	40750	68612
51359	43398	62171	29080	35884
14906	29679	22019	1629	28544
79818	73776	60606	81547	33025
16019	7279	39535	34498	85692
47437	11875	13769	81218	61772
76414	9681	64634	70571	16852
71262	92085	52732	99261	63776
48790	54793	21647	86375	50226
21075	23524	31761	3158	33920
59295	4436	89549	78563	72969
26504	41436	34431	78080	92148
76674	39966	3585	62997	64076
32349	68256	90838	14371	37065
92827	72229	53511	91422	62816
40546	5529	40322	33618	73418
32366	1592	46895	45984	14878
69598	74043	73838	57879	57660
79324	84989	28414	80287	40399
92975	97410	98385	90395	21090
66983	75079	76849	83212	37322
37779	25285	5396	72960	79171
5338	80083	80342	13455	91158
55189	34116	3336	5650	25218
40960	11257	90499	8570	41269
46264	15361	46474	26871	63632
45490	57499	58045	17998	61932
51819	3392	76352	91927	6988
20421	77951	91478	4252	5310
4671	74079	5386	31894	43732
66826	89276	56823	33700	22139
13528	56458	25877	3099	50595
73617	25494	77104	89018	32641
12269	21139	27880	97838	24112
91604	16472	69593	27621	21595
56392	63649	65075	66013	38233
25879	61493	52338	67247	11592
35935	86467	21817	29784	85347
68423	46062	4885	44411	80577
207	6501	76013	93395	80265
14061	70668	37571	62459	29677
11373	35994	72758	34615	79093
82275	69367	94761	16753	85644
88390	45713	40311	40329	47234
42868	40320	89363	28857	20789
82458	98011	20829	80200	18107
21835	73316	31343	82744	70976
71169	93001	39678	51280	82660
86702	22774	44828	35490	7661
22880	70127	26905	6294	57075
48846	57989	68159	27447	63712
23594	98925	90383	47651	33986
22220	96656	26184	56674	72846
47416	69307	60290	41976	90618
71896	46039	33382	57146	70263
45066	46526	26460	80416	91068
73349	23588	38180	20059	83391
49480	73669	29541	47051	43270
77238	28829	93842	82706	38074
87178	56699	63082	61018	30737
91498	16336	31116	42344	66725
67938	46701	45328	64881	85421
52236	43932	3854	62732	36967
29459	48331	52790	30099	96154
68846	56957	27979	89512	87567
63834	68076	65194	34749	3519
17778	50932	31809	75387	9426
36024	55882	68208	15129	45399
71348	35675	54013	84707	55321
68799	39769	24776	27859	41956
21171	44563	10244	13645	6669
74551	82739	53042	81220	66488
77664	73777	60587	27763	58924
39667	37588	8603	91063	42153
66841	63441	61948	49935	18204
19852	54236	64260	49477	8812
83381	53083	96515	92647	11534
83195	73529	18082	85171	59044
37472	19584	61493	63670	37230
77136	54621	90884	61859	85701
87387	63979	21227	53183	21116
6686	78342	36518	58450	27910
10346	2512	95764	94610	89950
5965	62681	34804	9183	43832
70991	65294	52582	30869	65353
58112	94359	12505	15338	5361
29901	97747	10610	82289	94917
85316	3443	90608	7108	50889
34398	24853	41471	69188	14216
58409	26213	12598	57025	27401
31988	81346	68232	91209	9882
50013	37583	17489	56957	24917
50046	45371	50835	78737	31514
97798	68469	19933	74173	46404
64805	39610	38292	35868	52281
82378	40882	26167	34796	51375
10190	94737	11065	75127	85448
69367	8253	94224	21851	65796
77364	6332	76257	43788	68974
21018	30843	107	28133	12732
74384	48540	81198	56101	66449
15514	15793	25640	53250	75591
97525	71096	7731	46104	55367
94457	19529	45259	19671	19916
80390	24223	80398	26655	35371
52178	71653	56727	21065	25665
77292	94719	47353	64512	64242
49260	5215	73071	37385	37499
42656	19464	49806	37023	78173
52998	98384	29291	78419	13018
9982	88591	26777	87501	99130
69185	92996	56059	34090	13208
77348	53582	22850	79436	66981
97029	99511	63713	23624	50101
3068	21175	80047	32668	90408
13922	16784	30957	71798	10993
26557	50206	26543	81904	564
81010	89995	88504	86716	62319
71871	81943	15643	29901	74211
33783	85180	82533	91652	73377
30714	543	95111	94509	71962
10511	6155	46544	66359	23007
2047	45263	82924	19238	7305
40509	13926	84389	64011	28565
34656	72282	19572	47163	61776
85637	70433	8190	31684	2200
55814	28386	85484	26311	28813
66407	88933	58948	91787	72956
39328	27143	84676	10920	28586
43723	1189	26675	61080	1332
54081	47468	71671	55017	36607
52825	40240	64446	22047	19415
24093	4713	71703	23830	39484
41561	53763	94959	60803	800
45368	35353	15754	86969	19271
28156	60629	50887	10895	24003
43585	4225	36688	30540	53886
42546	83297	9195	34668	70245
11510	31341	10798	93322	31832
80047	89920	83066	96683	78229
69357	56698	81216	99282	41006
63600	24114	47966	7877	379
644	4587	68725	6665	92765
87847	29039	24592	38832	22009
79334	64920	18732	82797	55975
23064	71001	10932	49681	46749
51599	3952	42562	27015	76136
30092	40869	77789	5519	35593
67818	73168	93550	22352	21167
86577	51120	59423	34474	42464
29956	29956	33967	81677	83898
63276	87746	54566	44484	28749
6965	6829	27950	31720	20983
21209	68226	61542	12564	65542
92387	81679	9323	38123	7076
38350	26572	94798	43563	76717
68212	79730	22072	94088	46426
55592	47136	99917	91763	64005
75101	78654	38983	45665	22806
25808	36720	40861	61	54377
66129	46015	89175	85791	16657
5918	30989	31809	78825	93924
88603	73732	29721	71686	29432
94968	5874	59375	98046	949
12012	94050	26405	25830	22703
38227	91062	85564	98792	32413
6398	84733	29519	52706	12179
99373	64184	78031	61151	6966
83636	88850	84169	35047	4663
10038	67379	81137	2740	24834
20054	285	22853	54651	89912
39277	9567	75578	34137	84354
17274	40269	48523	73887	43475
28095	23601	13477	24848	35891
19038	69368	89444	86696	26757
79994	1047	15402	40115	74542
73395	97728	63499	4894	23717
9156	20118	3148	89024	58324
9223	52934	28575	60160	13132
44805	68420	99048	35455	60872
40948	84917	52056	99107	68802
50427	13883	34424	53590	18513
15857	37686	4246	14077	58970
29607	82620	18157	25438	75235
8963	17956	45332	8049	84136
37973	54652	68562	5063	43729
84253	85607	21552	48634	73495
91697	82702	73342	18187	54750
69102	36206	69014	59202	13180
24620	67859	65835	50567	62574
91428	62267	41637	33455	97007
21000	45702	37103	64103	32018
33867	76505	56916	62090	45182
33732	19843	25903	7115	81696
11472	19099	7627	70440	15455
59078	42373	37942	2143	42971
99994	23942	31918	51874	90461
22033	35363	72925	90207	94330
74852	40228	82720	7304	43540
88506	53584	83060	60964	78834
94019	21099	19812	40315	14024
99904	33515	72849	51799	39909
16086	92792	67384	24177	86327
46164	30527	24904	29334	67836
29636	99120	45214	25007	30786
42883	2844	77613	78487	75032
66662	55320	87137	33447	47883
3755	73278	47532	6937	65897
80719	96238	25924	43413	65926
3738	25250	23538	87844	2072
4168	92447	95617	32983	18472
40423	42958	56142	16463	70599
97724	7623	33818	91311	51012
36865	45897	60716	62187	15663
46431	53420	18210	40079	77855
3199	66521	15164	60661	90292
77285	39109	25903	64986	11025
77955	95676	91211	93998	99654
86439	4287	75263	60449	31339
9566	65755	26725	62602	43229
55836	45914	51562	62166	47142
97649	30744	35851	56878	39780
37885	8218	38077	93286	86610
80090	683	68589	12251	81370
86342	33811	80375	30354	12606
27654	29326	27277	22623	46771
46375	3947	11194	98191	99405
90816	35438	10027	69205	15659
15390	94839	71075	39063	70729
65346	30220	52374	45787	26554
81638	12609	6894	25181	52169
6838	13836	19361	99104	76600
60191	7323	42284	24102	38511
13895	97712	88199	30078	50552
40762	59972	70000	72263	66847
68130	16633	16667	90725	40587
52593	14812	81454	36108	92064
68445	38477	93091	28501	63108
76932	35023	89168	93601	17129
6925	32470	79331	70959	873
45590	25424	55162	70482	55272
36394	67251	66140	92098	60431
71640	38711	56371	29065	88236
9286	80950	10253	11765	89380
3287	30741	56156	98349	64961
89013	91281	37249	75520	26449
62653	32882	99809	78894	92399
57531	85060	8422	41998	69718
33914	72294	36096	79494	7372
36479	1196	76756	6522	4690
73915	1099	51097	61821	62646
11654	47202	41243	57647	10725
92769	2048	46677	24605	70342
69871	22640	30008	80386	95625
3975	2484	78861	15642	72006
32495	38240	46520	74906	92343
12139	51945	21917	23292	40780
20675	35350	83051	43143	93756
24119	96341	69427	64050	70479
9295	68378	62027	73497	85362
23069	80440	92923	54574	90949
72752	33454	82489	41803	20569
91160	35058	85141	37232	37967
83174	73440	62150	63238	87446
39236	85445	5066	22904	12415
78132	74918	75796	83279	72174
22560	81192	84548	20919	40844
51613	36788	79121	67464	85787
12067	44188	19302	62850	23321
98753	65173	62204	31865	6049
65264	69159	10067	4163	86698
97671	25295	85939	82557	14772
74045	67322	53456	39552	74781
75277	82007	48706	11049	23791
11329	71376	81887	57410	27868
20231	67340	39429	63195	48988
46264	2252	48131	82097	6350
39134	35258	52062	69745	84630
24714	9320	18625	55029	83054
91087	4315	51196	81496	12941
99267	77568	14825	2508	88736
15902	19080	59593	9853	55482
3232	29356	75378	53877	64925
31174	17547	66239	40234	59322
2559	9163	2064	61021	2741
83653	84084	45102	91970	28312
9162	63212	78543	55992	4081
10437	57423	24423	36966	241
13595	30112	85818	88298	80192
58668	7763	15199	36348	30040
22185	31750	47297	60235	32288
75396	82235	3384	92078	89092
48184	65033	27528	99676	22055
94218	70175	31267	48166	41612
64533	20399	12550	77796	48200
97976	97674	42500	62852	826
99554	75606	68497	61386	18516
77887	20637	47561	14522	33473
9609	24849	10263	86598	73889
95358	19981	98166	68622	37854
47322	24167	90530	41888	18634
61937	84639	65359	45062	41959
58249	74825	62592	17294	7042
88089	52311	2524	86935	50578
74876	94486	39663	20777	66915
87365	43540	10637	26733	82746
9319	80078	89589	413	46729
87879	53664	64749	3251	12281
42676	4336	30321	19496	58315
67922	84763	39723	55059	80585
38671	27604	80213	22539	34206
80566	39586	61728	41178	67472
22564	48872	7164	6367	42776
4428	37144	36399	30855	86452
92796	37156	26442	58851	50977
11507	18697	53373	60331	71898
81357	15455	55454	3273	91905
99159	49079	40673	26619	26666
28160	22817	25386	13838	71732
37189	36161	60150	26956	90252
35753	94348	66742	42879	61864
99498	65480	12479	21603	60493
49081	72137	40522	35475	51851
99353	71459	51681	46968	83291
40923	60802	57721	31080	49232
64603	77104	74472	25224	95335
67703	57843	79685	95271	5792
42751	53203	64125	1178	9062
50924	93437	58402	90325	39016
7522	79965	60708	2673	39254
56939	30699	19811	713	16460
76868	40833	95277	12117	94695
97564	70479	38080	20207	56727
63437	6973	91878	69488	40173
52466	75835	60232	68960	89987
62608	22434	2597	63205	27527
23193	11191	87187	39147	91589
24159	91077	7796	31835	99542
1492	15809	8472	8421	84024
1819	39567	535	54488	66753
38039	65434	36526	25288	96980
88718	88670	18808	66277	6796
8783	64443	81317	77534	84489
14315	87773	40340	38197	38755
88584	21760	21464	26224	53738
25097	88435	73728	83032	9126
39812	29226	7623	26675	22275
13626	57524	47107	68538	37090
96241	51266	46182	60147	74222
74181	45638	64939	17119	98349
47615	7193	13725	90919	47351
93214	69109	89501	86100	17903
12312	37475	3562	68159	8342
74606	19786	23965	8291	34401
47651	72081	33460	29007	46162
39583	87172	37178	34428	46375
84313	26590	4566	61332	68079
77165	95317	4868	52405	78273
61843	41106	24608	12378	2218
78037	76204	82217	20294	93663
33407	78501	61344	10073	74559
31901	19900	14272	33547	70105
626	73319	16444	4473	39508
65195	42239	88768	45786	12082
36811	73284	20353	4967	82596
82125	1330	13850	44539	55860
53338	6363	99500	98809	6324
59133	61963	70359	75722	60051
10380	98576	74493	47351	59906
66095	27280	7209	13453	78576
11167	66943	27310	13821	4222
71102	82646	54215	79416	8705
80019	26617	77707	85054	58052
95007	88102	57346	63789	98724
6426	14241	45712	91602	35182
12946	28676	69703	95463	77500
62247	52065	96473	35424	89364
77249	75502	87432	81215	90992
29126	92462	51928	49266	72083
64218	63021	31074	87276	50825
99501	46325	3047	69851	90203
17329	850	85186	22025	49510
34779	25088	18258	66395	92639
45633	63612	56124	8509	13208
19400	5774	83685	64701	99239
80000	9441	11933	37958	99247
56119	19317	63841	69278	30668
22597	18478	36397	41595	53107
80997	69858	84536	42995	69683
35525	58680	15602	90037	80584
88687	3440	35056	51948	38473
50348	93094	13730	98504	1745
80871	252	62726	17412	25269
45694	6523	95268	49371	65203
89045	74053	20852	46646	51944
76298	88020	3664	34149	14875
70980	45332	61720	58334	37761
80159	4602	99373	95905	75763
42066	53795	94882	57872	50840
10286	91525	15292	34839	75572
44991	85670	81803	60454	61414
44287	33093	66004	54874	90043
90681	16564	49670	59858	84149
4000	52077	86266	55596	52214
16623	81629	34428	90291	23241
62176	79502	57428	24628	23079
55939	69617	97583	53899	52819
86396	86085	80443	79369	56408
71430	86409	48043	28488	80340
405	69133	50946	29996	11158
26465	71358	88409	31943	28384
84166	71164	29154	33305	47935
32818	26853	76377	97299	96128
30536	91789	79986	71336	17591
41443	24810	77663	24176	14012
91209	34563	97845	58913	66414
20559	84117	16337	16679	22900
67912	72204	38710	81713	42209
79159	82644	53042	28914	12807
20247	93343	89874	62526	13524
52964	43804	33855	18455	445
75532	95519	5709	70925	49127
47906	62905	62575	88219	34195
5423	54852	63700	19376	58269
6013	20655	8797	54380	9089
36985	12555	50098	51576	44358
57870	69673	47772	24025	91313
96591	51928	10096	75012	65663
1557	10196	24548	55294	49100
10922	50412	56076	74279	47945
97555	77091	91850	2884	6997
64923	82871	6085	72428	41137
84669	24318	19646	88697	76591
93361	36557	77961	17009	42413
52963	1174	94843	35294	81073
39280	68778	86301	52979	55454
62079	21065	27973	53007	31395
35353	38776	70310	89489	90205
20093	46642	21335	15391	45122
74944	77330	15156	16804	18251
46498	31727	75124	15615	4427
56424	56281	92124	42326	21753
62949	28650	36165	39740	61045
29013	19315	71695	92476	39062
37870	19704	63622	37528	42179
82300	4742	3593	33361	66612
13022	2606	29160	5698	18621
11027	99408	72555	86145	57520
23730	49062	67284	10608	24209
91359	42897	18480	61361	54793
72272	99205	36904	69137	47399
2626	33513	25010	69776	16603
48496	44833	61274	67777	79748
27158	22007	31817	92811	52008
78835	78543	36618	54315	61605
70173	13841	1496	15459	45197
51217	45857	80941	64475	95318
14079	10999	55145	71314	8839
39486	13972	36827	16394	2618
32792	83503	99792	21403	34667
71034	36789	21336	53311	49656
60399	61124	84872	57176	45950
65088	89292	53656	7244	15735
5997	91113	18437	6457	5864
8876	69360	89007	13105	10549
49650	95039	30330	70364	15224
20303	49634	2350	65072	75809
46204	23676	49575	47147	58966
86960	47903	67587	27731	68795
52942	59097	96466	15901	55761
73094	27164	74780	93934	75553
17481	5010	12358	51693	54155
40188	58892	91013	89699	74660
42375	5173	90820	44689	4352
18689	62217	19748	91014	24765
76787	40804	60618	87234	41215
86696	26055	97934	40290	75813
9690	58406	17551	20115	3964
34603	65135	1595	78715	45649
41540	70560	91181	65644	82220
38080	20305	63276	58864	97667
832	18705	27555	6274	87227
27751	96938	28808	35943	18486
30799	27298	3936	43968	98222
24967	86817	13928	74572	76827
59641	85263	45716	50660	59788
16916	28533	36210	98814	36481
32544	16469	44082	92086	3549
45753	83474	50583	78	33056
81500	37074	80263	75342	45462
22559	99357	28830	56815	14998
9874	40940	62968	11599	59370
95410	38264	31317	66624	63687
80975	48282	2501	33214	79151
90832	97291	67228	76312	68528
85484	72548	77375	99380	74280
1381	74459	8059	43326	40529
18509	99259	94260	87722	76214
80732	66234	25452	36909	87587
75284	77454	75763	60795	75633
59916	57388	42006	62788	32054
44036	38091	86076	60504	30371
69174	12189	97878	84550	30116
43476	43620	70552	96353	53778
79422	97385	6589	69143	68363
47562	20370	58100	88484	36358
57648	36534	28596	54660	72164
2758	92595	50517	6210	37441
11590	50514	30225	43747	5006
55932	87577	8884	16905	40273
21890	35829	9439	52530	13951
32256	96071	88315	97693	36782
7220	6886	98937	50856	2185
90945	45678	22973	72587	35500
34380	62523	56661	2355	75535
16255	81386	5232	50822	54079
64099	44941	18465	69223	4772
13466	50999	18626	42103	28894
80934	49716	92121	69575	65460
93921	29222	78391	44659	60770
62908	63742	43810	50314	59792
4328	89182	86961	44044	41797
19235	74245	1238	63127	39369
75864	33528	37771	27417	2409
83598	93488	55203	45021	85559
37580	83730	72484	60851	92712
23908	22456	69548	2639	83655
83568	49856	94365	55888	65029
30287	56184	98673	14087	68475
5943	19889	93387	40907	3158
94457	22939	60464	8586	58975
99600	66401	72421	54808	74681
22378	55140	60454	176	36090
44688	96987	3082	36635	26009
53098	27712	52762	55896	86057
10823	37793	94687	89735	28531
16189	49640	7569	26758	36435
1553	20112	10960	93048	26095
30423	19219	7914	51431	56443
39647	66439	70163	60126	51978
75451	23666	1647	63798	52866
99078	56369	91377	27099	12729
67738	17682	32761	44292	38068
48455	17201	1681	27421	37435
88340	21098	70450	20461	50891
51516	31215	18574	7056	24959
98948	79219	85408	5615	24602
5011	20890	53628	5959	7586
29523	23515	92528	62413	77493
15110	63800	36799	13385	6529
95815	1150	75408	11221	45826
13685	42005	96757	85269	90575
28463	78262	59641	5393	79104
92816	38458	55179	86536	7722
67954	1030	41371	83905	97921
98342	45435	73604	71161	90451
43060	92335	73112	86607	52090
44327	46276	29720	55483	48654
48683	80239	21696	38602	27742
47990	35376	79153	9499	13768
72481	81250	29723	96309	16380
43449	1274	46044	85652	82577
89774	12958	72365	71136	56419
11871	1801	72181	16767	41343
42202	76171	9471	28309	80782
38083	75185	54951	72546	13873
93378	29860	14661	1381	22132
28283	19864	30983	51242	86044
22128	5126	95979	46035	25413
54271	88314	91676	96409	8949
70029	30658	79575	58890	45319
8683	8231	94259	17863	2110
31583	84525	84702	3154	75971
43607	91781	63187	22373	96581
7901	95797	61776	96861	53756
58315	68627	36641	97172	66054
63675	5291	95889	9828	81012
75742	82282	18677	98463	83756
9014	44253	17605	64707	25839
76495	69598	69288	57004	18820
99209	46521	74527	59147	37187
8732	90672	67567	47772	47464
5075	3283	20169	60763	20053
75284	1250	61621	4691	44946
7240	87452	38158	4560	52454
92806	53928	64940	49291	92968
91296	92960	83825	51976	5244
9082	28662	70648	63984	44497
20455	97601	36235	70333	67663
10171	84348	34484	97119	83763
31250	80065	49497	92912	48875
33862	77761	14692	33871	11951
82738	13370	77790	52085	90246
50631	25534	55804	18463	26119
93826	76807	64474	77892	35355
2293	96290	95465	3792	63095
91085	91859	94760	72892	16845
13318	96246	99622	44364	91684
8532	65281	68873	48236	95398
77950	29106	22428	72447	37329
83278	36337	2380	20666	53054
85398	7932	63898	63311	69634
81614	86959	94937	36455	89361
50659	3003	33546	32447	15563
15025	52720	66997	19332	5929
48953	94802	32158	10080	94868
48457	26710	5635	34586	54405
97430	28616	31858	51063	14134
92542	72764	11034	88512	56078
10926	35237	43525	1730	22493
38540	72777	48791	56451	26071
26996	4275	40146	98008	19503
94999	82796	51286	17540	79204
21916	24458	649	17733	95267
75298	94770	47432	97923	42010
39373	46851	70403	28900	83321
14377	65651	89491	69440	24765
20662	92531	39818	27549	32032
4123	37942	33786	58813	1935
95198	61021	38949	30870	61021
88057	26038	7333	48842	30097
62295	68474	96825	99645	72491
24610	64151	22667	53393	84771
23638	29571	19384	42737	28474
70398	7675	42480	89031	31419
4513	76491	56224	67045	3666
23725	74600	24505	20305	8161
5356	50856	3339	4718	99643
98018	7421	59925	66939	21056
89173	48884	91406	29802	52043
26157	55661	4927	88245	39548
83451	24872	38249	47864	94977
89468	16245	57187	78158	9202
30789	77302	55971	57419	89177
53906	59051	91065	49818	33151
55217	51205	23084	29189	90756
93831	6742	69156	5037	93040
2749	96496	58218	64197	80995
92759	47359	75654	48255	41940
94324	80973	5557	44211	48541
47038	4176	90895	83279	26962
98902	96301	91651	81349	9380
53564	22024	25735	71529	11528
81457	70339	31134	12866	81584
27475	22541	93160	29823	86426
85873	82810	60192	48708	49383
10968	31791	71030	77354	7833
65822	11164	57095	52227	24088
47050	82341	26173	97058	85766
72905	17377	45710	11590	61086
68149	31715	48444	33523	21093
21567	80361	88693	37222	78756
92180	22071	14619	93008	58525
18590	58675	566	12606	73659
36112	89111	49349	14625	12482
99292	49798	82274	7955	54550
60607	82596	72346	33596	64334
32574	34559	4101	58879	15506
93067	46158	48343	16549	75661
555	70969	20161	11865	46092
27364	59659	7478	84313	90294
3116	91800	21141	41910	36358
1423	22285	23637	9056	66369
52703	26247	75999	20338	23309
46352	19055	1565	36987	40415
21490	92667	96269	83711	97155
27148	31802	22407	92527	78745
26983	79954	19949	20866	32175
55997	71168	97356	5634	38952
10963	93350	25204	46525	35571
94949	49840	42433	6549	41832
74125	5227	53187	6006	91904
79023	37314	97060	22814	84900
14748	51125	78890	25036	57987
81545	15888	38747	44565	24022
34261	60852	36243	39247	48286
85097	50699	98053	70101	56418
79555	15527	37664	75856	5359
51769	89307	24138	55904	74552
91312	27249	85723	33363	32916
80453	47414	3870	52927	37772
28455	17521	34618	58230	94076
61416	54807	49260	34171	62014
9005	919	13235	10789	38688
68985	63115	9934	53557	38494
30405	64888	22496	78019	37504
15328	12523	18950	88727	51704
64988	18771	54714	14997	80026
28260	22744	9182	6002	71587
46761	12567	15273	77596	22417
93854	41808	37807	3673	82308
22517	60183	42395	3858	13136
98098	9580	6294	70429	23588
28049	70977	39021	81171	10314
37354	93035	67952	93092	56616
92720	47625	76974	93386	32938
93034	97714	5329	57899	28481
25679	71896	2863	8270	67538
3233	54280	57418	59378	79966
34502	44648	79002	48708	36073
44191	39077	5882	6102	44994
73068	93796	55713	59506	65713
36946	77674	22152	18662	69165
65876	81777	69912	74534	62696
5981	424	32978	80465	61600
31834	55265	30035	57067	76365
39493	19759	61076	29727	21585
56712	30614	30724	8935	91777
11694	62213	88720	45395	51078
96748	13310	46288	43880	9052
86788	69508	66671	68075	74354
76448	47880	20908	27609	90133
58241	39555	21033	22694	66259
97928	65277	6427	48735	70233
99714	95314	62250	59618	65315
48442	32728	75312	87162	42424
41564	11293	76835	72571	61948
27823	58231	61533	21797	49506
72907	35860	37564	87234	85265
69148	91325	35695	96446	44925
12253	94274	26821	50905	86239
94561	88831	4523	83426	30028
71408	97980	14394	37655	28541
27973	62276	10033	8053	27671
70814	8450	82081	70309	74256
41285	72221	57874	24016	572
3743	61081	62470	91299	70349
61325	30460	4364	82207	5882
61841	51182	52338	75709	66167
67164	39633	56382	56086	48054
37971	80724	485	27675	73262
63647	74491	5033	52546	95462
19810	95974	25989	84823	2391
98377	82070	33653	9621	21021
70357	86632	40429	77452	86456
74256	50998	74043	87735	15503
76540	40762	42625	18444	99480
99467	58130	25132	41954	40734
69269	87106	37186	75057	20622
37344	57325	97239	3470	51483
65478	86362	18049	66956	15103
23824	88873	66720	44494	66013
8115	65439	87644	56336	33915
39292	5758	23448	9897	32353
85518	17265	55021	50208	26408
15319	25467	13828	31062	38998
83611	85036	72944	6566	99560
84936	68793	2500	44651	89386
97259	68840	84383	54352	18130
82320	65004	93045	39385	48875
81004	86697	43526	93267	35119
63010	32376	206	52146	5861
62696	95181	88906	44478	45161
40240	29396	18653	37560	33800
2674	85957	42776	89175	63428
17541	19115	9203	46968	10187
92922	76096	65778	51827	40649
57314	39685	66785	75140	70157
57686	59878	30847	17391	37123
10985	6874	75369	56916	27429
41207	21562	39364	27290	11377
64266	35534	55364	87148	44356
97994	86234	25222	88931	3831
88797	89671	46419	58216	26063
51712	81702	37505	92927	47631
90031	98636	86608	96097	23344
14743	47406	8571	78094	57834
72214	19524	42083	4182	84067
21680	32383	50444	90530	79682
82154	81413	82103	56708	37772
89898	54113	70868	55554	65859
77974	43160	93324	5616	77338
6981	81204	33527	63792	47784
39101	95872	20925	32774	24899
253	59755	94432	96319	59019
97379	70568	79487	24163	99152
32124	11996	32317	98051	32323
4495	86246	61446	50717	57089
58899	40037	31185	8434	29646
6582	85494	81324	95029	17145
64673	31973	64436	26926	42085
32821	69055	58706	81298	58540
82490	57553	27821	73087	56182
21064	11618	98543	49993	49720
97368	10834	54466	107	77268
31134	3978	71220	46255	59690
3674	85694	94947	92178	88857
11782	37755	5384	95845	53254
40295	87093	19482	7066	12637
52931	43880	23303	31289	20502
36902	4577	94583	16747	74196
39684	57696	3349	70963	40130
6254	80438	16876	31771	31702
16255	49985	49500	40057	28518
90627	20268	20993	139	75172
32386	2021	72649	36193	48224
28358	23225	5330	40923	88629
2308	32918	8741	88641	29001
73835	36219	77459	70480	1509
79114	46088	52701	34418	80915
5738	22286	31946	28420	73271
24276	32930	4626	21162	95229
29789	22366	5097	29237	54218
33073	4880	75241	62	17582
5344	28657	48641	51496	77895
80989	2425	26666	48091	57415
66840	89552	11151	7783	57426
2950	18448	77972	38147	38820
32563	62575	97709	83151	72271
46733	56214	83618	69667	91796
15323	17506	64799	16837	26447
61802	42255	11624	12450	17933
35355	51981	57206	29814	78913
493	68810	80119	49928	62411
49810	75938	55051	3291	6320
76115	68131	77292	42047	10089
88687	88465	98551	33106	85546
79468	60201	1925	61829	63690
64260	61519	52165	98310	5828
70147	75096	43845	48514	48397
39246	14761	24075	87424	94898
91195	96313	39673	66261	73345
81360	81278	29953	94933	9630
37226	74030	9281	22727	56077
89091	55187	74742	16814	61686
48729	60736	45590	9372	74736
29660	87976	83526	725	52129
507	13052	67855	92540	70229
99747	48474	6775	73149	66238
60680	35590	14139	63549	69116
50508	53188	99056	24052	87700
37931	81631	85363	28803	31051
34148	64873	67869	39544	39459
2378	5767	9262	88458	30095
46364	20217	93950	30114	52665
47137	73442	16602	39082	41780
17111	15902	79645	76811	84761
74977	90247	19487	66432	56354
64634	92614	5123	44289	64841
36225	14364	41571	80421	42908
91849	58190	25539	94137	61469
471	72726	91547	90463	77636
58661	16655	94445	78961	18749
48057	47347	34619	13513	31886
41154	74639	13973	24145	10689
73698	9315	12486	20725	83113
17650	34954	80556	93112	28215
69365	76484	59307	1605	60440
36132	2386	22325	54710	18082
69350	84251	41293	54421	96668
62828	14824	4977	50083	50684
63621	50707	37689	79678	88373
74594	73354	30869	39164	62642
96719	43840	62343	31426	27934
18762	81637	9641	89765	31997
53393	11993	53445	31752	11138
90835	15456	52059	63146	81630
22741	41056	24768	10470	49533
7261	17652	47757	9784	338
14490	69528	80928	6755	35328
93931	34896	73551	94238	72005
33432	3531	99445	79368	90577
57469	23109	54626	12518	20680
63864	55671	28185	30178	59766
73330	61965	83252	67759	45356
80634	6177	56562	46760	64762
39916	32133	81970	14529	27311
87005	64914	67442	49399	84359
83852	804	45186	83750	63761
28589	23607	72101	34115	48947
10824	54045	36188	93294	48494
19101	47427	86434	46988	52963
99246	32837	24410	27224	94426
8825	93856	2462	95455	1582
84536	67492	7663	27430	20370
16985	58580	10767	44582	71899
47960	30930	81845	4723	63266
58890	1471	62727	99044	60470
64674	98654	84362	81510	9822
5349	37618	53960	7204	14167
97420	5503	21210	72091	36582
16154	39300	15422	21534	32165
18183	15016	20146	97340	67298
37869	99535	89642	69610	58147
27436	47791	8747	92607	42277
2041	54749	64665	87164	61853
51921	86297	75907	19594	61731
26949	10131	55883	22204	87960
69899	47330	30828	94317	37708
12847	41144	47107	36038	97995
48958	65326	2436	57914	37969
24561	96232	43566	84162	27899
33781	70053	20363	9810	66320
91769	64603	816	28540	90894
52745	39977	1950	88780	9641
77060	63958	93353	62162	36227
16044	68326	33187	10444	93891
59208	25251	83817	12289	45450
89274	67583	54251	69418	2747
6005	77171	37401	54846	40011
61459	86525	90534	40059	59042
71828	57177	17180	27920	16816
36384	63450	7165	2392	31891
63586	94361	43944	79019	67908
46178	86074	84779	17615	21170
56294	70051	8138	95780	45000
26696	87130	94346	13000	2827
81771	49813	8665	27439	63207
9750	74308	46134	44611	55616
79103	17040	10620	78735	36541
81442	68776	11827	26619	39332
21722	59576	62426	98835	87000
82044	91782	47958	31288	51459
8621	15790	33423	40841	44439
20583	48859	13312	83761	41979
60895	88249	47116	67572	56104
8536	20137	96620	25781	48870
22426	39193	69544	77655	85729
94502	17776	74721	60866	16638
91038	36326	64905	65510	34280
19892	53649	85786	17468	66125
57505	39642	87987	50480	6137
36828	40028	97998	21831	764
18739	34521	977	33649	39506
66080	17620	38298	20546	20764
23348	10529	9054	58251	45116
33206	99318	96387	76404	40186
77384	89237	57059	24245	98626
94069	48017	31418	41133	59919
55831	33774	14203	54961	74811
59835	95369	55665	5862	59043
18742	63138	66969	87085	45471
74761	57603	71901	91565	29242
34033	40373	68991	66599	32696
88814	25712	74178	99755	72562
60256	4939	97177	66336	84131
52556	16059	77717	13731	97038
15297	46104	74332	40077	15232
91774	99223	67012	10081	86109
29849	51169	85667	26166	78215
71	7926	55809	61462	72672
45353	46110	37625	97369	29021
976	20315	92738	33971	53048
16388	70333	1502	22163	32809
62871	89643	55653	74165	22861
97652	15556	65330	3158	43334
70939	53618	93773	65098	20825
5494	45397	19040	18701	19918
50486	49322	35276	22042	41045
3053	83120	66106	56877	26163
71443	45049	57543	57980	66793
50250	64951	63843	50444	9416
84432	14720	56822	80110	78724
98969	15562	68852	46702	33163
10305	13177	14986	14726	17494
65013	55529	44777	87530	46909
22144	15633	48045	38020	40732
72047	68593	75681	78423	24336
80068	68110	76906	4377	33814
24552	73966	43541	9319	85236
52367	99469	14531	51423	57500
84744	92886	3180	61812	43161
40073	27704	84136	46347	89006
87721	22880	64073	61395	15043
72546	86857	5730	88946	94999
63653	44490	8545	77147	49177
7430	17299	77372	65595	30307
7635	73669	29803	75508	56
97860	72098	96474	37174	7404
59200	23036	74325	46355	37104
78542	37734	16446	98413	77205
12444	21383	54	35977	48587
99387	66577	52898	17965	33110
39161	18532	31852	73834	25269
25887	33781	73898	11350	45504
86415	7845	98919	70362	34855
95992	58499	92656	24416	51729
7952	68767	59965	94579	41771
92540	47983	90905	68565	58398
35024	65726	350	82830	95740
29686	93808	69623	11508	31881
65933	51404	11257	98503	98552
45355	81730	58811	86751	18099
83590	99045	49604	26278	6767
58878	86797	24282	30987	5552
55828	15044	94857	59939	93631
75524	34168	66157	84222	71537
16256	65683	99910	98895	92047
99363	42565	41563	11970	24373
18684	74745	87560	88240	42167
33815	36710	56375	25732	24919
74065	74301	33877	67711	92621
63254	71842	35194	91882	60556
9284	47565	66731	87276	67729
51547	85265	38396	42139	81898
91901	96153	61527	13112	4658
74888	18106	6903	60104	80302
46271	86447	72361	87630	28038
46562	1827	7702	27892	17784
38769	74690	86824	519	62341
20390	12089	68140	23509	87559
88151	98525	2111	61614	61563
95511	85822	84957	72313	61101
47912	20343	97564	69806	34743
68503	83265	14020	74865	37240
47614	97203	71082	24345	43828
49362	9043	12092	52001	74857
37343	79906	91991	70311	3976
93214	94915	11853	32901	61336
70764	16087	92848	24805	9436
61198	63870	25732	67003	12465
31648	98407	40825	22981	76978
73735	91695	5485	96052	34933
59265	17392	30705	17325	29774
73962	90579	12397	72601	63958
39631	86610	56890	13890	34986
85951	67851	45411	81007	42230
10536	96106	13203	21801	53718
86159	86830	84435	18838	15583
63602	75183	28251	72026	51306
56164	25665	67522	69521	23602
4179	65313	47643	53617	29468
20682	57040	60681	37260	6515
64298	87379	46174	45322	8821
78850	16913	35476	39856	41313
58363	39351	93489	72675	20784
851	10651	61648	50682	71158
83394	70037	25935	50193	7847
5031	157	55393	84453	40200
44199	50186	25253	16323	11104
57462	48969	22190	49124	98366
16892	92267	94030	38553	39878
93578	8514	90210	62340	97051
45973	98322	79415	61412	17312
29543	62363	4882	27830	28642
12996	68988	97139	73518	71052
13293	27199	54296	82009	75102
24463	98980	55391	50034	49638
71789	77071	37949	12594	24611
85691	28323	42271	39055	11821
41888	95033	29033	8570	82088
55661	20271	35531	79064	36617
25344	13030	96116	91474	16348
7156	81889	65878	84683	51629
85790	7202	79213	99795	76090
52641	76699	28604	8140	43213
93746	73224	87539	84387	24400
82666	43970	15805	33002	25112
95624	1456	77526	49104	22695
93370	73433	55133	49164	10150
40793	92508	18142	53399	62282
69313	38981	15714	48554	31435
81530	1752	14974	96373	78983
9884	47861	65540	2845	95529
71532	11706	15622	5216	72393
98974	88169	48204	18589	31966
26666	50548	67322	38017	38840
90471	10873	35557	77606	62847
36285	40263	60360	80901	52919
26185	91203	93492	6505	91942
32995	45605	37412	80631	96981
27292	61748	4427	21257	15482
92678	2818	55275	40563	80437
51748	92253	21570	10972	12172
98835	34476	55133	51148	9559
26019	38612	95912	98949	78694
11569	74909	71618	59222	74907
58542	53090	7516	41789	30670
63161	20776	78897	89755	97447
46890	35438	45104	51331	56192
96483	21953	36821	1426	79733
6720	70156	28239	55924	75380
69404	22167	58943	47076	66930
69993	52252	57582	3562	75092
79943	66671	81033	35296	7879
26146	78063	33184	93204	42446
33911	31197	68475	18614	96498
27624	26388	99794	62102	83831
78154	35236	56523	95992	13155
37629	1688	69865	47751	80995
67614	98594	56234	82968	87088
941	73048	97427	83830	42272
76886	91035	13679	74859	16245
34550	69697	90768	3106	77071
34825	64899	46785	32346	88617
5230	39443	48553	7400	83514
85990	6051	95436	11393	50514
56868	55946	89026	94108	13848
73138	89363	8345	60149	39552
54020	94028	58865	24556	8890
91418	3327	25472	40300	81068
61989	1723	68762	5985	67446
53411	39911	61419	42629	67462
64975	14121	66747	82354	8576
36752	96878	64511	7330	19287
13669	76729	50868	37488	34322
42618	91010	4156	85570	93545
92766	27703	41409	75988	35378
16671	43764	35196	18577	32467
8337	98282	93233	16396	61585
92455	14005	1992	32536	76
17179	16360	27400	56163	5400
88493	24721	52979	86793	64225
35153	89484	66650	6001	47796
80170	20495	11510	13280	11781
97899	1746	8212	85022	83611
14542	69714	56315	67159	61098
41905	46546	75048	10785	51409
59782	89336	36722	40136	16182
85197	44176	36337	76822	2619
28577	88863	86373	2306	61918
47459	89864	19348	37464	28843
19566	94579	63143	47509	65646
80764	14162	82607	67169	95048
5612	64579	8278	81487	3762
71042	500	10222	75167	5143
68389	84985	51484	40516	38226
21975	70961	25773	22313	3828
72813	22891	35146	19684	68669
34095	59417	11477	66849	79044
59792	52127	65347	37401	47053
73279	50501	16276	91435	82619
83653	99299	67941	11954	38367
30581	33074	96530	6971	85463
99294	46880	10688	61118	50102
10630	27955	26845	46777	95765
41941	12129	50922	8891	59203
37936	69046	44131	93599	61065
21775	58437	94543	4599	24925
69699	8718	74277	61074	36369
70642	39715	68683	69551	34211
98509	21616	71594	70664	80794
42985	55825	7820	10004	33368
4505	35105	2072	80916	71265
61062	86939	586	36277	58019
72537	9144	29956	49900	48794
93940	58782	17944	68269	62435
86293	12010	38467	88213	34068
98445	85507	91823	8956	25255
90463	53836	23007	66852	57281
60602	52390	59955	25235	91197
81132	3265	66634	35965	48717
53931	25609	19555	10798	91703
88682	28030	88050	64760	33965
56336	68021	45829	97418	71744
78524	12921	9523	36599	68092
17002	42501	52111	56934	17288
57183	68190	14105	70838	57861
97359	86635	40234	5721	43846
7982	33709	69884	2255	7537
17605	70996	871	85654	95994
82430	14845	6785	57967	14723
95679	52136	56302	15553	83891
40650	11091	2784	6430	58117
87835	27088	42344	72122	28017
44026	71783	88575	17809	25056
12688	52293	56651	98686	51908
10326	49466	34328	18042	16502
25589	83950	78968	59635	38828
44110	90469	31299	19668	98328
64523	19712	85205	88280	94480
61715	57891	40199	32643	51906
34544	36980	7739	74617	10242
80396	4444	54296	85761	53305
11103	18573	37555	64076	26099
52355	29956	30083	76698	73312
34294	78298	49400	21997	42970
81533	79157	26947	78758	98249
45965	55865	20871	71077	61719
66828	54932	70114	13240	67579
53840	42550	91627	99744	71861
36649	89697	69574	85745	63198
86694	68884	33010	24607	76097
85398	14298	58803	8710	29772
62729	59194	81643	61523	41650
19865	1494	30764	49004	26987
35212	33568	49879	12792	21358
79272	60818	8104	99768	48063
45874	53089	43764	3129	9491
73038	60279	51785	20795	55433
1541	46359	86913	16677	71133
48088	38554	31380	95159	51423
16018	70766	94529	99470	41130
41075	864	16861	4682	38863
76372	57903	13870	59013	23717
36966	85786	76728	5792	67496
44421	39127	13812	13377	85148
40961	74126	52878	33920	44750
86003	6584	36047	77053	64759
16481	8075	72760	7039	94778
3302	60767	65366	27852	76807
45305	30974	16043	62766	9606
69106	94283	58310	40341	30538
16149	60794	1509	89754	40990
6940	67857	78122	36170	19290
74286	63355	34773	61859	50582
93800	58526	97576	91185	59550
72876	71262	74404	90309	78232
96755	98291	88768	7046	73376
27500	42925	33879	85718	90071
65676	4165	65418	29979	2303
73001	2879	94382	32958	11507
57464	69067	97049	75087	87250
87864	5971	52951	43927	77207
37254	90997	97484	90428	78916
27400	6004	77369	10006	44295
34600	7973	28407	19969	78189
1527	77498	73015	90104	60839
59310	78024	39613	57694	37867
15025	14605	60867	99338	81077
99389	38436	16865	56867	7815
82222	22072	97794	95118	70018
74751	88361	81008	48773	64667
79122	11930	86081	91491	68604
99063	81826	31240	59222	93720
32070	33914	77429	54441	91791
16935	62890	35966	25056	70282
84693	64118	79541	52708	85442
47915	74960	93147	47841	26480
96894	38340	14371	19302	53166
45651	26976	68032	84393	60379
75040	75164	14382	75169	43334
33385	71439	53604	2599	94113
32160	4602	3547	49278	91536
11499	75680	63505	36523	53012
69561	24994	4858	99115	19861
89133	28730	91772	4928	33583
58357	21603	34218	76202	32592
39560	88792	37520	38760	12217
96050	91281	40282	31961	85975
58800	48610	2631	86160	74431
83740	76632	73961	70127	68678
13375	84677	43365	74334	96600
33000	85197	32406	329	54653
20872	44311	86750	88737	48076
35724	44772	92669	50592	77829
45708	53434	71423	39095	63340
81719	77191	13455	39662	80339
50205	78325	49456	57626	77977
17315	81028	73717	11175	45969
73387	90393	51743	2481	42482
77245	9665	80571	48967	28094
18579	49482	49748	48962	26688
74953	46454	14247	58253	53373
31630	30117	96310	54417	41821
99999	50486	66219	17716	69348
95732	6279	41681	61623	23240
10674	16709	41569	5794	69284
18209	60350	7680	29258	69445
29341	32249	24424	35630	17194
59861	55739	18606	86809	97625
94007	27325	29774	68382	29213
36256	27761	21050	85886	66964
67387	30721	8249	18654	25465
17047	94755	47660	80624	54496
37516	81448	48600	97111	59307
85449	2081	43212	14533	98480
2831	19522	45813	87663	66541
12122	97031	71256	49265	19520
73867	371	52121	87939	28082
12479	88877	76751	18881	85733
16796	69254	37778	15616	32033
51375	50458	47898	54246	95135
3615	19242	166	13811	27744
37568	67473	43860	93168	39854
92044	35633	94916	27306	13339
92872	5664	17199	81248	47666
21192	35414	56822	11370	26964
29240	44014	51729	25521	99104
31675	8155	47018	37696	34824
16969	57650	64272	62882	50935
89733	15553	90255	3810	46413
15343	13559	84780	86627	25116
42080	7237	74433	3780	43228
94988	37164	77423	86483	63251
45237	50218	74498	77843	44992
89043	81766	74270	325	36325
99815	555	82287	15810	23299