
21005085	34887520	97671572	24920880	33312694
16036128	97153052	60967454	3328047	25015826
52209250	27696186	76336594	39155873	10678857
1550121	36865640	37980063	56206126	95789187
28811329	14807110	85385728	77268425	54085515
53152529	24849606	94454609	61312915	81548120
88365318	79083520	31974104	82407021	6468352
73952824	97527930	98085079	17859207	63560280
95549819	28014	90116784	58035834	96991417
49769677	95662983	23018857	54959167	38722658
49370575	56018976	87258196	14760625	23712243
84977285	59658681	31302884	5558376	84300048
5492752	38247401	19033877	23119170	26757765
50604734	30568650	32705133	22085776	64600685
86962297	35803740	98337512	27528629	60613239
95082828	36962277	3378778	885101	92313631
84579815	94291624	67382474	13871739	13251104
34048811	24680384	84078268	36110266	37716237
70938028	34386284	1380104	97452588	84233664
96707605	2062652	50310770	59116	53071859
74051124	25486474	55539762	47430637	71165203
69347183	59669731	87296855	21407916	8837375
38260918	92673543	74888355	84342605	11222694
7491553	18384138	49202468	72758191	26189658
4462049	28041295	24140124	55025632	73209747
99223169	99600761	12877124	3455023	90784932
35260639	67223165	85015137	34125973	39521593
19196749	84682543	85604933	30328860	41531685
48961522	24133609	65066563	62980693	19891940
56333913	57228929	25798203	85879185	68507816
81522120	75430534	50889860	61680967	20366402
57448841	61592084	64540729	75351989	83262916
9063259	17782393	63246447	36077310	86394637
46528132	92857012	13801821	46251840	49319598
55473422	43855267	38166765	40517570	76102183
17316809	919369	41172015	88612356	32185876
94378409	38639182	91535499	34582416	94330936
40549507	77699138	88064174	77091247	72322405
71905949	36329633	26089046	99961237	96563422
85833497	51495875	10255812	35907352	92875204
9833963	16576053	65676360	14368784	43076696
27424945	52923114	86918610	45517203	94994173
55743230	53832399	25332615	181276	30429398
58701422	67133182	84332977	89647372	27187044
89928113	60380301	27640836	9688928	69767778
73296137	71267395	98866092	81372580	35897832
83332287	23961331	78179882	82618004	38754439
20109084	54676696	46108179	51456013	55632835
12096043	43231254	92444143	90536964	16259271
62814369	4169131	50587641	75220295	96637348
87191484	65860986	39219275	12124595	9898478
40931333	47927648	17773765	7479443	71311669
89247073	13262310	58052190	61411255	52764989
99235353	67144789	55257355	64519834	32624799
85779620	62879175	54025218	17642080	81179067
39383572	97506572	75494083	69855961	88866396
21887403	31546626	7767480	18097874	5979478
24938479	75653849	32787657	65396092	48194912
55550315	27991848	31343650	58322436	339670
60921267	80574335	70006911	18748266	98135723
83364082	66381913	91625230	13445654	17916176
35780642	59289514	90234463	32911165	58190379
15455077	17220655	73053916	33884098	90925897
90141035	7362780	60799532	35831255	32910221
78805226	12504553	40549768	61083364	36113511
6456563	23488461	52419517	66223709	32968905
51969562	98477852	90891192	46805661	6581883
29479118	78793275	60058465	72912401	81080846
97593768	60910235	64092651	36025628	57491897
2018689	99167196	68327384	31576937	80962625
23434967	33225268	86896382	5156730	9759824
59209699	25597848	4208967	18622905	50869692
81843319	58559630	78128102	40510925	74969502
9400035	38353308	4862824	40304013	18454980
25371451	40928435	26839067	30602165	9143512
83022429	75559609	86404835	24793390	19362696
67337504	66836670	75391596	62608143	72489645
30106319	69386402	28705329	79973583	18922141
16965153	28393316	17573161	76861370	30691818
16081702	51278584	45212622	700308	87881426
6998018	28404545	64809149	98443340	57369198
53311554	8111493	22812423	41538086	9623882
27356744	67673438	65379914	45163365	77402155
28676968	8609617	52719535	92016096	6053142
18900393	22527289	80933089	49924728	95038730
25099679	97570873	33317566	91444879	43918319
86286447	82225063	15331967	66974960	77786247
778543	13064492	71643590	62139637	89784940
53184577	84227361	95475836	83370432	6460496
93011179	50516625	5507323	4083780	81478766
38908319	47333149	78446293	74042652	82226435
68011390	64460244	17812481	93582972	7244413
61297193	77869744	99652	14828677	22604900
5717932	42374960	21709462	2474523	59923669
91032713	39306904	17397048	65865446	87026684
68161377	48811727	26634690	36373356	34011732
95400493	41924866	98891104	78104842	28759632
97705488	90208884	88444973	85141714	5077591
6690739	70192173	21577538	15472524	41595908
79827398	38124943	83970802	93509862	54128050
55662432	40252384	37144705	81756087	232379
19777100	47569169	59328067	73462371	18059210
10359225	2887935	85904528	2781857	90801655
63423057	41572390	44925967	9704217	50671889
85410412	30527372	17072766	53313189	23333088
65811229	47117586	50818516	51316873	55555795
43545812	57279167	23835999	6857077	95852832
58305962	67016775	36602401	13352335	12693253
21073363	52941176	42820425	72832326	25664938
19967396	95521424	82797245	71250679	2909427
57513360	88406742	24150764	4150905	59213137
47062184	26593859	56277652	89868408	32673185
22300695	40072900	9451144	10545503	32465381
56933907	57245716	21896632	7132012	75697446
57511750	69155682	93331169	90648459	89453080
65203399	47022934	12673090	43696090	66845718
5698495	10286664	21970050	4740622	17928730
17276054	99807110	30736352	97744804	62763937
50553341	1436801	14974463	14717164	47599309
7356002	69969376	29081858	18620116	94885413
45884128	75482634	42609082	42378605	77192291
39248576	25828209	70532105	13431715	41452019
87671370	46638934	97399186	24749814	84054812
73992136	85739940	62918970	99471866	76835898
20790155	9813340	11655853	18246895	84649251
94658486	93574405	78204097	20829269	96676055
38081242	16392328	54056821	91509282	71029314
67085953	2926824	59614815	1109938	60105984
52279709	61692985	13555184	88537152	33182995
2879146	35210857	86361200	17889608	38579010
36907250	34923961	35229481	83410660	78722174
82344079	44887159	7579790	37196860	20017056
91035793	8740842	7793281	95499281	93605741
83845682	86220466	28124028	28726064	48674222
10050443	21924723	96251584	15419226	34951112
28395261	57710306	27460455	79634929	59755429
30368773	26797536	76971903	61709693	52928022
89051066	16450733	66643683	11561860	67877517
35845624	6351282	13243685	753716	16268693
60040305	33566157	5545019	67537112	1915364
77402874	87101384	35634726	24786040	23782537
91519716	79769666	20744791	40278754	75903651
73631822	39405847	66357569	52422965	34765137
92799485	4289395	73429529	48544235	42253390
8955515	77533956	58515279	3561174	83140008
86527120	61745622	54449494	56630932	36267618
7275496	95054976	90080573	90056107	46022735
55216329	13250581	14837273	82822325	18876124
31857384	15839257	65501916	34246340	52064794
13919900	92515678	34074772	25698540	94264145
20817618	8200396	78516142	98818572	56423967
62348026	13789777	91279900	18970784	26214250
42204324	71250128	35588544	55543229	61935232
26412409	63341585	6862061	89235390	59506786
43092809	97668824	86809527	12418839	67310934
49456228	90510603	27031182	3686853	91070163
11987082	70947894	69652987	79525850	40048491
2517527	38835280	55401746	71390233	48138768
83827343	89583416	77135623	24098467	51282266
25361472	19665444	436844	42303869	24633951
45434065	2284982	59140354	71278678	46012373
89320556	95469004	39359998	94017026	99136022
46171081	34178644	78799924	69117228	5028759
37402506	21545238	14515174	66720803	28861211
5329992	79288938	87507814	16809115	17536022
75557413	28247822	99238855	45649874	92541359
38473716	14311201	90280639	78271355	62883601
49127726	8611974	86971445	55469457	10706902
18311454	59281056	61474257	87464252	54722419
96702734	89395353	60710042	4516356	38541542
76297334	606154	34300272	89016234	43407418
96366105	84409959	85578995	51421663	34911173
58356218	98627871	47173614	53559612	82068276
36733251	47505500	34954581	16217827	42276851
62876114	28401859	79075008	77932234	71311461
26278163	56836002	39898799	59105803	64125797
61289978	31159898	10769005	1022938	55324224
62218469	60996652	64244597	9026894	74558788
58066279	42753482	23057065	59928702	72303763
70114173	7190741	85627587	64525474	38927326
75703364	37582320	78996129	72837737	45692593
74489320	1561911	27960596	58545978	55296656
63523447	94926711	24405535	24782218	42597514
82232096	90625445	97384038	89216048	69641450
24302035	70950461	99807133	10845512	77299689
92714278	38463807	89039914	95831345	53217984
67501807	78865495	41996449	69861809	20436821
32524175	13554555	52725108	91203740	87127452
34924637	23551551	85860553	10379435	27553477
83022912	28780412	22309110	56043195	93666018
80192098	87246810	3462650	60087775	9791957
64053035	4120295	18451985	44622852	42323197
14701028	75816499	16560202	26179034	76401448
63390104	13576575	28981145	28594836	94400597
8457603	79952832	94589801	74670300	31942644
76332355	89467470	61518821	49310122	36689025
13650116	45983691	30563172	67164572	49755863
11681248	38756251	88312777	21923544	61389448
34302474	75905342	27581558	27358089	11998446
37641584	45181956	56206728	62082380	69812852
15285729	38579072	25335156	31836541	13075967
36265180	84874730	80335138	63471082	5336460
63480877	9294550	27928499	72224203	67249342
97635082	16333584	37482634	84683736	76614925
76491938	2436188	91230506	58728350	93143066
78811641	89655200	23936766	78923075	55788314
79425579	30306274	62039617	82388025	64254813
39046792	38422846	69378678	73468802	62889876
75774767	78245136	25804423	67218283	64277818
66748179	99782997	59903238	69338470	26557214
83907970	87484	40430744	2505996	10397204
56303279	46987217	84300125	40395302	9309332
69977858	93067549	8674895	53067953	3550797
43647251	18000550	11964871	83641900	74331878
61190735	22488945	7885484	23264045	94354670
64786904	29133374	42181770	78883192	1100365
73231364	39041269	76455476	30921271	64156872
30062348	62904082	58235461	88859753	63532144
53172077	99710641	68231541	81017421	25426109
28697574	40408783	2462630	17756898	72106526
17844133	78094085	68184242	30948126	76382903
37499756	91033320	61150703	62089080	90216739
5618415	14738959	60589240	14223797	71651508
75733021	23233288	56266102	67810677	40607822
7388306	17861084	22157935	87791242	24076958
84286193	18791312	16318817	23180220	55897259
28799435	53895932	67639053	32323024	62054930
6744067	63186521	71242573	67400832	36581209
89938528	45527372	38976183	18830762	46421619
95892773	90260897	80265994	22517323	92180556
49864679	61477731	36843542	37587941	14534944
99244273	70274291	77524305	79444147	59889815
22675836	88174149	18139281	52889448	29820816
61511993	40586854	25600114	15230232	77208557
12974085	3718398	66508502	9350202	13342966
98430031	79936376	16728317	2573813	12949408
4307168	92808552	96749478	98329777	30982316
32886018	23420833	66742802	83367049	2159829
13691886	53350358	55211801	81946875	42761251
47836908	25413935	65814219	52952907	26851959
55078386	34050675	53172591	59686176	90099547
64028906	1388142	65124411	65948465	73128511
87106002	22649065	30812176	2230180	32665854
62371588	5153929	58030249	94027704	2966000
86861025	87440529	17849939	18045260	87587819
78619004	77010673	81353607	41599391	3261350
18780698	98820017	2548344	90140023	65298232
81270481	28302653	44313146	10237209	12654483
76476949	9007753	77791193	16920434	51828048
62012775	7050287	84648299	59510589	55696995
88853414	64246562	63709198	52412492	96090076
16209115	57022589	67379272	44252640	88289880
1673094	76930998	54394554	99172896	20906240
92381188	96003514	95233690	38699716	15317962
9217988	33663818	73674319	2770038	22965251
49514512	7003081	75581278	31808760	26511743
94877133	85326532	12257122	34066640	4022823
63573432	34186762	13200967	61478444	36389097
44240699	73142013	63363010	41973881	37231052
62210488	33969025	19127175	47561322	35986358
49397632	77853244	41340995	97223671	57531280
40397182	54071980	10480351	5053193	48698274
84926903	38163544	28848038	25018644	56467598
72491013	41485092	40382699	5394908	59489182
34889296	86780278	94556940	63774041	74117521
74239601	64630353	9721540	18880759	3783828
88645524	72141889	58607639	34899332	59415139
14768632	68114887	2177367	15680264	16439669
67995788	56975260	36957742	7186984	93057567
7420469	84018599	16313499	88946656	9623969
27819102	12901791	98601217	34709579	45316016
7974798	11382324	19483469	35904947	75477436
42295597	86875461	93179711	60951752	80279075
16522700	44354183	99653596	8284485	4780887
20981630	92701313	35024190	65983469	18952607
56527801	19035181	44830259	25668373	37731411
35318594	24698462	26095797	27575201	30579211
1575108	45414135	14479989	3781462	47460967
64104819	42078733	93585542	34488863	49110811
92352277	68082531	457158	79752109	5003507
71184381	13615699	84729134	96144533	23787663
46716727	85346667	90477704	14039649	18764362
83131084	69558405	95068472	42287874	79154495
77638679	71702814	30548024	75893072	72631430
98246866	10750500	91485647	4550353	60882722
23306593	3196982	23776390	36349126	76227639
91740158	10698211	99113999	3975134	74713287
91334066	38583229	88531392	47488213	19371590
22062729	10507490	64281917	46654042	83953105
78454188	86226678	7680198	55714806	57138877
64994460	8331935	82688252	75454361	47277759
9753530	41346437	98500520	33395583	36032022
91949955	87886359	82252554	68236044	39379134
21633788	2055136	42480780	68575029	2134187
31910922	87552865	11974543	25188755	77032879
88890404	12162969	53319268	81147808	63104860
1081046	96889768	73926490	31525966	35265482
95934272	54165522	60771008	90025701	50517239
50826929	5741906	32715772	10616721	81024378
37566276	54704955	30233913	52279523	77699547
71027848	92316984	42417389	10621777	22572621
52126617	4928604	98617370	77161948	63023228
35825467	86485356	58351949	14338624	34108427
18575673	65454573	80819444	16750677	92269483
70213824	98102646	43918427	80651551	38493426
2535507	89834230	48279365	60776709	45437729
93740726	66112774	95690545	3093714	27145936
35171125	72383595	97306881	47911559	86780815
81326314	11722195	67558689	2183072	16156707
2918489	28984298	46752481	71599388	22599614
87916463	97829478	91492970	15608790	53610837
38181409	97227913	28196445	18539637	53978766
80426289	23732005	81620299	62154266	44166117
73923820	21861416	14216496	81882791	22534951
48742734	1278676	60501959	30271896	64361256
74022675	57081074	33953567	79511524	12295498
6313896	11544715	71480568	54400966	12891475
3272269	28527765	48511581	6516767	39072472
63597739	80776138	13734160	51296760	10003333
70756023	3533883	1686366	71210476	72114542
75536406	59302833	84112038	95541946	33512648
1631074	11879756	2011295	28940895	84456247
40416484	90365925	53777298	61138369	46527502
39721218	88297632	96222182	99279765	35537628
47183758	30789036	23196339	59936127	14485550
98865882	1582541	23999434	16245881	12692060
33117488	59416808	22527592	8816859	38496604
8532236	24010289	4715807	59211803	95820283
56245293	52064037	58043079	72654450	72917080
7575828	31889845	43332996	49902549	72311835
78212887	5471216	4268947	4145818	31816510
89546712	63996088	76099716	44490777	66515239
58158245	28602699	44453306	69557316	3459337
18897664	71110312	15461852	34628389	16459982
27122318	14643217	72108965	72922844	25405286
54274060	33199467	40597980	30774737	76466225
77368264	28050612	31336614	36563960	15153981
19870381	72749318	22154777	25417905	61017024
24008928	61156082	54170698	58528905	44672433
83377460	30722081	57417225	63756776	82346377
31410820	76382906	61421117	38880302	84874743
78477261	26400976	56404420	79263975	19555118
38556067	25421585	25122317	91774355	85574816
34378452	72966721	12356948	65672093	86925510
17345593	23476134	75963449	35878696	95765164
56191889	9421393	32824650	46260803	801883
957864	8493764	70638259	54874443	74899074
23194211	29780689	757128	70774993	11586914
45407468	18170013	43157968	30381471	75646608
59511519	5022777	30225080	3925260	48131281
59649320	26439185	40852007	38256303	74221773
75140997	19692442	16803707	17439524	26714930
75814616	71980741	87613332	66982856	82036456
20406048	90959292	65972551	55232066	34385812
63966192	97196589	48874099	49368458	42308072
38141756	40449714	48201353	99771880	64180364
19198417	48571950	42238328	82150280	76384695
12291174	53438443	79030926	58361500	38578535
78769496	7253919	44711534	16405119	43551708
48777136	76659119	52805641	20531184	34568975
96910462	14564489	21666885	7703835	24608416
62712670	91829572	20156934	40023247	34315256
66485442	72042189	42016732	98272918	25172788
9869024	35569465	30171920	68250613	93590177
67952362	88409054	56480351	38449772	98807021
67072312	16297507	1134744	75010994	98375903
6806737	26746647	64701339	16212837	4872330
81089935	25808373	16181835	49966190	22321139
49771556	42570647	33302531	2912111	97423362
9535678	97439853	69804765	24857615	79657154
38211993	97037673	86152520	41099727	4322840
71800495	52289735	12075801	84116547	68389288
27935056	3286571	46412947	43313906	12158744
52138192	96436345	19096085	40433507	42282020
34274900	40144687	53468886	23270495	938439
9009563	21581715	54431896	34127573	72227141
38676808	84099018	55256664	51795916	26481674
77593745	78308213	40472210	53797727	41488399
3462805	27170511	15934547	34866712	43891271
90033637	94134240	40377016	32986935	72401791
93697558	1658596	29225748	82231312	79081470
63023832	48024573	15021498	40912103	67382454
34818611	88105196	2534860	78107240	10564933
71776804	1709646	90225978	23875460	14939562
40830737	9703349	27045668	56327807	79299113
49941935	58613600	45698783	50094344	18778200
44444038	62310420	65961481	51596534	6324635
47426299	97886313	24449954	87022553	80915069
65764214	62803330	60989539	26868073	18524504
27279192	37719463	80679169	6248665	14227537
53245173	30109206	7789826	39618335	49266089
35747843	86476364	24138685	3926266	92321799
4175483	30936474	85879546	6432784	97574673
38496935	89087946	12820825	69570500	45226811
16064054	56114344	48032625	27546470	17420962
6933450	87798789	66969358	84541221	34303628
88226796	21778365	74442078	92752119	64363629
69028835	23219991	55485940	3799614	78708363
91410447	17451539	86504270	3690001	9444980
61605783	13930567	94244445	68155403	66537140
84215287	77411724	64091936	86286608	4332977
22773337	58294135	3725407	13243480	36357051
73237688	52026864	41525291	78785372	88914862
71515183	53310914	35546342	72629600	28776504
14625801	87831955	40030556	88148048	6180763
13087352	87213099	96080096	37022544	60528039
40041011	67177841	15410887	22007101	91772138
62290083	10390028	65262206	51859394	94162807
20161688	56322239	60582682	42598515	9312780
20784755	18307445	65980083	53077047	34984900
38455606	91849877	94426822	74946119	41058235
57755925	57261265	88655533	22759463	78190426
11408439	29819724	57821223	11399990	29857892
76050068	53179763	32646847	14333617	98078227
76100983	2264406	92778010	38373749	69127672
75278288	30100195	13561329	80967258	70158036
22901490	67417020	86246595	29091291	58917378
65619263	96191387	95867315	82135387	6436250
15806126	30798499	74627103	9618075	42611623
83571959	20547686	87434757	53825824	53261403
15068771	61513684	39764913	5272054	6389317
97433123	31125828	15013758	87285750	97112766
55924946	88368343	15331432	41816820	87080833
98786801	89078455	80826774	97404131	89675111
65980942	11935616	18512424	38854394	4452260
21836015	61675129	48073530	4913328	25724940
20413078	68976680	20378588	83992645	81386859
22609978	48143555	11095148	43083892	45277391
92461250	54716036	90335548	94517199	39668770
3333084	84680383	82079084	36866282	25723103
66394119	70138110	61376917	12727219	85945723
46894869	62901921	6071230	82905298	96954960
15151773	93438260	52885026	31257728	74602212
37242572	93783544	82940079	66420506	76436658
44352878	89982409	28136992	67377330	84320757
11323928	46489686	56905661	10066803	41455302
22430725	57974767	80652553	1850101	62846653
41796822	51182739	31344052	57900375	84767696
14412563	90589325	93740999	83805890	29055067
1343841	9745820	39888101	86933491	5032419
84827580	78323516	51242037	23975801	45613758
69902280	55010872	87701052	49369558	40709521
65313072	7246350	3092159	95894630	45090540
77810132	58109448	58771642	14841264	24469005
68159694	18339663	98794818	36542347	89943860
69966796	49998752	24540925	45101306	39185074
94525163	13730140	58394208	27412768	63612671
44847822	35372809	28098807	79222574	78119075
62966484	2317970	55868141	73743850	85276473
52578022	42946147	37830535	18979542	38571674
46775283	58539757	16732432	19714419	50635322
21505808	31889496	89647031	88364943	22018788
80837514	19902781	85286793	70201699	49263695
28932357	28426949	65595347	82725157	88111765
34674104	31646376	97836676	62076900	55408138
31842537	82047577	53996081	64384627	50267255
53146347	24155226	28809145	74715498	42715932
48967686	45411739	68022377	54474249	87920608
63536489	30528498	55519776	89925163	78740464
98972072	3681983	40613766	16429997	55547703
75835953	92291999	79651252	40865475	34286621
10598499	90866254	77246554	44827272	42201381
64805706	394455	16771154	95924146	61196147
11548472	83393846	21999805	4754755	30564099
68564621	43584005	87666086	48095518	49765060
6445595	63334083	51689801	40149181	14526053
54029655	35754436	60153308	36869062	18195969
88515663	56418255	97999901	33128090	75991854
66814885	15635157	36871767	91683067	68169769
66004177	58145120	34254903	23006063	99704558
10707763	57737229	80423309	2250488	71257818
39784341	90423824	81813941	16839531	74754312
69122364	5662873	34234610	77493786	92475747
34546160	81921049	16496368	43609692	64650243
26581500	45853019	11968420	49109093	10321975
77154728	69132433	60866059	93402323	71902816
10595750	975290	84889614	47915665	2326316
60012319	52886402	543257	78310954	9895038
40075472	6138110	15112224	4167786	85278181
14888269	69200481	56274957	12026166	62849864
80898907	74075421	8136619	65444833	89695297
97085912	49044374	36416533	90937396	7373295
5352348	33876160	36900529	3538587	87795423
7335017	86952642	30722633	40166845	34238084
85971889	39293398	47669431	213518	98425481
93671850	5258395	59069453	75135766	76685924
62884715	64453512	19972682	12366762	60845432
57294703	69300548	74483068	89988784	11509704
45308127	25264537	46449641	57702243	87568882
22559596	47185348	11761526	73735508	33234533
54610107	44505500	65508489	57450296	69529782
75539746	12063352	58903021	3113314	68961585
5653384	17379134	44775715	4861009	37716789
27389080	29877499	21435128	46764360	43021836
75988420	14227090	20006562	57879516	76938997
13621802	80627218	8335426	12474236	38081282
21946917	34668394	1371560	8711042	82315411
6264632	85418797	69193744	39409572	94605756
95608451	11009121	69315592	76270723	96797243
58194459	33175989	73180573	47493475	22634992
53944206	3970971	64486453	67212926	15129352
68970142	44263598	642271	71384727	9641405
27077673	25728737	86620828	33195122	16846086
37912195	59705535	47044637	65998629	11657144
42052392	69063099	9350311	68010297	64798490
24659267	70964779	79219434	32990449	88981636
16663927	68179783	64606065	92063260	37096280
33133492	56987732	99817388	96822764	96560396
69628713	19244489	49146778	71929956	63270488
5313098	28708882	39335764	76316274	59921056
33492188	79475534	86131181	72269201	94450962
9197945	29960506	50595934	73504973	38336320
58856509	47723875	8462175	16622407	68451329
82645715	40272234	16040198	88323109	23357576
5564666	86140706	91344786	67079923	22371120
9354657	8394005	2290262	81079605	11905402
99761371	57483003	27924773	11377671	81405048
1421538	43367313	84853717	86058855	81441755
53869181	72317668	80238628	21651280	74760705
6381754	78858971	5520852	71798916	49254107
14581997	92306410	13381486	69180483	31851735
83628186	12304743	69571912	20806551	11316043
15947347	60234757	33055626	83349076	35554387
39297290	36585715	92810217	42495256	40660552
3587533	61283340	71348091	498939	72208597
89318952	64879504	95446693	28264275	41481146
23975429	95223037	71786598	95985785	85615618
54613971	9930817	25050359	95921784	4711036
28511624	51384426	94337736	22803969	85495995
87752607	27865876	69491636	71869843	5561067
29020775	54328913	98356690	89141540	22798788
56722762	4657437	16268038	6197184	3106651
96916314	24104739	70607725	25034627	9394259
80346019	518256	24696599	83127589	94049189
95977887	34292517	59619676	18555295	58972877
3126933	94779802	52636122	7285995	5466600
62684261	21978067	45976983	18045158	53809727
45814915	21897727	17647439	18547739	91411398
9143793	56724481	28082393	18088068	65628279
32255501	49132336	21477530	53341113	11015619
23182151	37044590	78764325	76614286	53226392
72641933	741540	15132909	23548403	73413678
54350191	91071716	66209428	12651422	98515638
4546079	53345599	57139420	11711702	70525155
11102289	1486690	15200468	26789474	86864634
5814462	65522399	91771756	13799337	57665876
88839698	20585621	92954864	55009039	22244591
98786897	1869217	14537648	19196951	13707188
66659429	32667412	20699401	60908676	78740260
54867058	75696015	38257527	30836749	82702753
53114247	70352068	7293132	35330556	89787059
29036768	88988414	55468395	77355762	26232114
17065137	43425392	72706346	86843703	20013447
15862386	25997790	13708330	63788636	76221001
84480773	43483550	87497962	6471331	55415190
22919772	41858376	54028960	13297035	84268698
81554776	83030272	75976190	25099458	66632221
72924826	2669155	56647123	38849362	34464696
26758023	18874823	46726340	38554471	72507006
63252698	34630852	23835075	79947850	4014552
38233238	4318517	83959249	72899892	32865073
68907726	32887351	82813633	22227608	3281933
51476717	74186698	3067146	1647708	93421525
58490775	34377675	41443220	14640130	37409748
25712942	10247967	44308871	82393999	42635841
73563767	23447087	1811707	74988940	43894779
50447570	63623401	53621711	74682432	53281573
47927848	65009944	2615953	9620347	72170539
32716388	9513445	57822661	75287808	3514499
50947254	10940769	44583401	24255600	72206307
44441053	90034291	515096	95473086	94049777
60133637	91597242	91100996	15935494	52091819
17259330	87028232	74462991	73010629	54968191
19094227	71536797	12669744	71261341	78256824
78324538	20731870	24443227	79582364	42955260
64978311	66114265	98374847	19528999	2056624
63783807	98644191	14393387	34293927	57604176
17160325	50872201	78517095	47260419	32653905
50227691	75587804	14529044	10440146	52708507
82897299	61116777	77605152	66916015	76294134
37805923	36850934	51993352	1002034	19107001
30893100	97782990	93655085	3325975	48190814
47278272	15269097	74199616	5708346	43414951
3300286	40968915	64322135	87947593	81568001
13425693	47087867	49430020	18462174	67100622
53689563	95220113	38474476	1515693	31651161
45671176	18638064	17507115	77686793	884675
98588420	95865968	47795302	56761646	82987143
16841720	80444755	34565298	93062383	5763081
24260607	20757095	61291366	88553950	42519461
37839473	96790033	17144228	64654343	20908440
84380185	56285479	82584958	9792130	60921388
81434429	67331635	47835668	72512910	71472064
17616445	15446453	49503898	82918795	94059548
68833200	46639899	29760853	33833448	11551901
77518030	39263965	31427259	14771690	66598013
15359052	68254733	21385054	43084394	28487715
29533964	87684654	99891363	90275704	6614391
46894922	4131535	86603030	51550327	41396177
27717880	51747029	5196539	28728217	24679174
26255419	16458069	34432588	11310505	81117523
69468336	17814074	51192108	6768476	38862142
35842503	26722243	30387395	3980623	49992829
91600074	20307849	76713277	87824310	84816387
13579618	58891323	43060096	90993971	21209279
47542295	5325794	83175213	77446859	9324775
60525645	72993378	86696033	13586305	63914032
49508075	12370026	557306	69412942	38352067
27480049	42134426	61330755	74649201	87669768
60880646	87543244	23624936	79434369	22985995
26513545	40682575	1704405	84872965	71446975
79063190	71679891	36357598	62845992	22860270
11119947	97040077	12481789	68259487	608482
49007352	38247741	9727119	56495644	20418127
82842061	61483042	59112595	13214669	45846993
72180752	17718189	95673105	48055451	57895856
95525840	73437820	93418127	6160571	75427267
11477600	13279051	75942973	7488771	7156107
22346455	54622102	50929089	80446412	57111887
25896863	44449345	45075931	52968517	9147225
75530532	23345216	36168736	4580563	9077866
76731045	65572159	69798449	92749599	994683
8567217	71558420	87088427	89239934	9439708
98421357	64469564	20706144	79029407	27529098
47564731	63599860	98949401	92578844	32572939
78282622	62147479	27229881	90801799	3083666
8816503	46643417	8502446	45601405	2857153
97967728	23677747	58253398	37984636	58362261
86762618	69871365	92333761	48904709	7794799
67661316	17141703	2356801	37171889	97658061
73316558	55769066	67176807	43428142	85305128
87055599	5876125	69927289	11097107	27899835
26202772	81880136	5583021	51268812	42449679
91727913	54240762	54639794	86296693	57121815
42650221	18117252	24800561	28388573	21641073
81601086	18679533	38142084	35484126	66700239
16097719	45988400	37995097	71586672	80464047
5153509	88318121	93204480	93661688	30055153
2395856	34752653	74290500	14304918	63804569
70617901	61051397	38997546	4218316	12404432
41709511	87234157	93228992	38364222	43459388
50803789	49778251	93914430	50006725	91838805
44065271	26087361	75524762	89459543	73884082
51114282	41001680	97622721	29375211	11075519
12331289	11661617	32678512	13498089	11188063
62572376	51342124	70761644	46534091	8906095
73013869	90045924	84104976	46233235	67787866
97449870	28949714	62052430	74404420	78920448
71633438	65581291	34544021	2556161	24640114
31915641	22815035	60111726	16963221	7900118
60056316	29446745	32178113	26213831	85509730
96947917	17879923	50894616	93079503	97682441
46234696	90059098	20375683	31002772	82228361
13025437	5464036	70097417	12483484	4111170
15344490	38117006	45600193	2872424	43409135
15143775	13865472	43984202	40122752	47819605
74837569	30043119	92370202	82443724	77694336
76820551	41523528	44708803	77918918	21394934
34260969	94129581	36951796	1409500	39678456
67727486	75432437	46881998	12088063	7134538
7337366	17267379	56186183	8858344	91051121
27975563	62001839	42289888	94216298	17531130
56853163	79326221	34823490	97905509	37502020
74360485	43960407	20585105	56175305	26925160
23839962	45847947	9931030	23928546	64117238
26198161	70803665	85997162	27328793	41536307
41947301	61099361	8475369	6098709	47497186
98572646	24272513	46712499	95334988	32314807
79527565	17692262	51372710	76294788	10146972
15132191	60842005	57274986	77194661	17814587
62016250	24005343	86338904	47798848	33620670
6666779	62991470	81283198	31318653	26867068
45371539	1682046	72883945	55335505	25070324
26826501	16020724	93008750	81673319	72260577
61550775	60440355	76468518	25569297	16902714
60872943	62271422	85367553	5887226	33668122
93456617	33063666	49309424	42968348	19026359
81571174	38783963	10012707	68226429	3041967
41805209	785943	49532854	29191416	11514149
37719422	67315695	71535	60006021	80696451
8743859	83042614	81702445	45624933	54093150
21139690	13825218	3550841	2984208	95874523
83761203	67706351	85470772	76559720	66019587
32867065	13197989	54127230	17212271	29341580
94420968	25665742	12525763	94360461	40085474
84357993	31863930	55655191	14270574	10435568
4217714	8227879	88337055	46219828	22148964
67816816	78567188	20007499	31844593	29951161
58042165	50119689	33362171	65858246	31769358
44378588	4609687	18979218	5195699	28881996
89125736	76434404	32043216	90608731	72646711
82123002	52283357	68083508	61735641	65418406
11685009	52009349	28603930	87094410	86735748
23932288	65202365	64536076	44928130	50102792
74728696	29948076	7846482	15513305	48618817
33319700	22416278	2069514	27683556	87750079
52833327	50854389	10931247	20032396	23753493
61659919	81051990	48100699	53765332	14571374
59132447	78913158	3965257	25629012	83228031
85297569	22150753	13894402	70316585	77329894
74256813	76496347	56251877	14776898	92738130
7699568	28417264	31813184	71915198	63969701
20220042	2754985	53802161	64106310	90423482
52199534	2065547	66558374	62792575	90110962
26212060	11030340	87503162	7551398	77093648
31651242	77632052	10223284	41096037	78138690
83339974	21989374	44246102	41725507	9200968
11483246	58238476	25540986	15229435	12600706
59609851	40861161	69823150	61767127	10978517
33510420	91054163	38908882	68643082	27954625
22653323	96139684	222307	95815253	73798073
52947512	87179308	6111422	7156181	30534316
71303505	83932480	78985227	70044717	65754297
103595	88891535	86878018	61434943	28700816
64266729	3611230	52829589	79353719	21461936
4282364	27157678	15781125	5874886	78240258
91029147	41252264	84532480	23543856	56042963
82127369	57809541	74213750	49808524	680277
21859153	73083541	70875293	62299918	40872670
79911133	88154303	74615502	26152537	13996489
38730130	37138729	23253950	3931328	96311065
41438259	45714973	73248389	2432793	54435966
99804517	41725716	59716233	47807685	61428268
12977038	67790327	74180287	74685781	513078
38281130	48160940	85223606	2857554	88629327
3772701	8687510	70424300	26317177	14186224
94249140	76485489	48470733	55416093	56583116
36314655	86768385	58415375	76397398	39988276
2739691	5716013	34196876	788135	48664442
67842258	52187662	79678470	69621296	76940985
57963290	641567	18676322	48743482	90924184
25576084	1962748	14504528	65394306	60713192
37972182	50853510	63644414	24004546	77986061
17114512	49071033	64215068	20584677	7675330
85129236	36286633	99370524	42643859	2524129
48841231	25674939	17281034	86042234	45710437
45594956	85283538	71780529	57935221	39616819
93001271	59296651	13850650	69269695	99432643
53712077	72588527	52293276	66955069	37699962
17142546	76270262	96233484	45139629	28681448
7457400	52140532	91718328	56107298	80000532
20703964	73235446	16162121	1247258	51024162
43877010	46247514	72098545	45324867	75554785
70528459	80276850	95999163	19949087	24607556
90619986	75983921	45998129	24931301	42874906
61704736	36345197	38664784	17876564	35791404
74960148	97230071	32464928	63747193	70216360
52850726	13382887	49981341	90368858	9818245
21069254	8001930	3347335	16683256	76406952
36914166	45295774	63366567	39672665	11984783
26018760	45249061	70140171	85220540	40826114
65934616	98618338	82800882	45751451	37426275
87859400	15624398	14750859	35681677	7287624
34011628	15979	11199854	81074543	78685982
28514532	88014820	30537172	62754789	43480935
79100788	15984458	456865	91782598	13280667
67304712	18687985	69473697	44634358	91497614
15575829	81196837	36832372	25174587	52027807
51017422	48262112	96121389	26673343	50673696
26832591	28977307	46840116	46119954	46638377
92258261	40364174	46267613	12507790	95197690
37523976	988683	2144575	18459758	87614326
14024839	68859327	73777370	99082503	20118222
52877222	39626068	75238505	65592437	16338036
40515472	6499141	38802763	50411929	4122590
33546290	72943030	59347782	14577767	21715957
96160028	17353940	55110006	8089432	58442164
43201544	41621386	55473676	52123650	21321518
24858026	16130577	99389871	47479202	2042601
69893227	99837529	50578754	78071405	96180724
32440630	60923795	64219650	62189799	42898716
83990220	36485123	34768700	3007577	25099784
72554099	17429140	69948597	43380538	36971828
48080000	58853878	29707237	7856589	93178049
86079518	15414633	86676085	16769449	11591379
71066885	16324411	89477190	50761949	90973844
37530889	86172405	34015044	96897537	48579884
77912413	20426	34952771	40437550	34020309
93410756	59062179	90892129	68131360	63476220
21342910	97495309	65315345	69870317	69649361
71610030	68428155	18636108	87432635	89896291
26860311	62754524	56410812	94741846	21360186
44003109	56144893	91099344	98096548	22491622
73716384	38689979	44891824	90866674	77919634
59416918	7693301	35048892	60721563	70343441
30922581	32827182	67643660	8587819	72206791
13269654	73609732	51130187	2794000	64231747
93811591	11554999	77641767	25903251	30520473
78757017	59460578	4156142	27572412	3546413
2024191	47449536	12962684	64401690	9148784
97740154	6431786	19718102	66245773	26245151
16378938	92200359	39028263	65383246	55049975
76880447	44779292	88012298	1651069	24475489
83816052	1789269	52226975	91693616	3559776
51507801	81302600	23645874	61409915	65099925
31187772	88674938	88686837	36859645	85627877
33919521	89253332	43194654	32568875	42764629
3234054	55676513	30365350	45848566	50089107
88285437	49524420	17055568	9706850	5184044
17253159	99492194	91087786	99815158	51310083
61702031	27993864	38950833	75444262	67872550
47404367	32330333	92834879	77193611	41900773
10171804	50685357	74711523	26695646	27729357
85774882	75358936	95559935	8494010	64840996
87051190	27484572	89863750	22352694	81886515
77580151	51546415	191226	58910639	97556267
57570117	44487226	53080290	45123324	54625190
24793211	12199523	88484888	58617721	69890864
16074174	83241549	33259573	23310080	45031465
85029562	48170205	98612768	11896893	88113372
78733526	48942295	71955790	76928482	84267079
86747630	18810571	3062593	69292665	60201293
47135526	3730354	17770434	2852636	90600483
54600760	79745664	55326324	91657604	48381774
33299864	55682793	74468910	37095774	25878040
85420936	22316887	14251222	7637131	5612581
32617148	30494613	88567705	22859852	19180578
94865243	41991709	49978074	84724197	91052635
38732969	52139527	10691485	80380800	63169527
43530243	55247192	93776052	98473107	1605269
46442970	94817993	34535263	98170932	74140630
67862269	61196791	4838144	51880045	5155476
26782826	23710321	70414513	64926864	35601435
98187035	58096226	54898299	44423928	68385126
61459542	35446873	18666996	42299865	22832184
12575462	25375503	96793503	64112445	44163841
8252957	61528574	14850733	89766016	48618731
44770594	72441597	91919387	47190526	32651501
801745	46601208	54083489	51045728	79332261
56153944	10343929	30501589	5201504	9710532
86797800	61603996	41877821	22681952	58516464
35905276	46675251	71172281	27537411	11371325
80212575	16857973	97189734	20626071	24294567
80613352	39513368	48221497	5618847	13699809
74365421	66217794	35187026	42447842	20100852
5063154	94131337	83374978	35617837	24964072
94738911	39027039	69513738	86606834	44572543
45446480	11372262	5239549	50359665	40979050
21188966	39337057	69701612	1468128	40734388
27221769	33284148	79088036	9958501	86111309
35357747	71517869	98615412	96672848	79229643
25460745	65039324	49118695	82130423	46800582
22710008	73885928	22042380	36304091	77857152
69889363	18190518	48636476	66479037	65073982
82618853	31777611	20207880	43138148	88469099
90216408	67869371	16252936	67516348	23917538
77523390	82263028	18977745	30643395	8557835
63318419	31580061	87705450	60310351	84160454
53350491	36357302	59998726	22469191	10619511
9116913	35630209	87395233	9102614	39485342
54036297	7016830	2894299	71091805	85226359
76594401	12048872	30552456	82965232	79432838
45756792	19737602	28635107	14166825	96121916
51095844	78092192	29237542	22822704	22163972
77936550	46890373	57769218	83310796	60858555
44942700	32495227	85629111	31542335	12714611
95369048	81820501	94586681	1783569	21797162
20543438	33466936	15442679	89884590	92167896
84912799	27231791	76550050	80666535	76688224
56055996	64645646	74480882	54932571	29841027
89112598	58291555	13840618	31248315	83151344
33865812	60193123	66024960	15753961	20931926
44235843	88395968	36746522	6828806	77625714
68849023	81780211	58625823	18628557	41440126
18364401	91341228	12907695	46832623	45498889
95354289	73549930	82501945	30169730	80286006
15515244	68037982	90375118	98622876	86588737
78127594	89246507	25858481	97433512	51635240
70488946	87428178	57864322	60016958	35006477
49807977	29907565	45001271	94585133	9733816
81137965	50400357	29788385	28589145	15215265
19760909	47253744	91750112	66910339	86972746
3703450	47131017	87388442	97897574	28560590
99362320	28466616	83966797	47539044	64229752
94265554	73832228	71619568	15242014	21872347
16914053	80444558	16808638	16678817	89041647
82783538	98904123	64723228	54988048	95834345
53389890	55220293	43489958	41391080	65210348
70333798	99531988	33839959	59823553	26416791
1710618	50823637	8748934	78544414	75116682
76149477	4100040	56439855	51370797	16795751
46000732	47354380	11743660	59747278	35752343
12765790	18068534	41590879	2843397	2845510
42445932	61718092	46492019	8423313	32748928
80101186	44229098	4534230	6477784	21791645
15062643	85766426	46440357	35510462	15268938
90898933	40430126	49165723	66399609	24534129
76179496	50840068	45535538	27142509	10466449
97121310	33417824	25600118	419486	31816936
14570963	5462353	10851890	64321563	9781769
11214346	8039883	63199598	65711487	76209231
24081369	96554280	36776588	78155480	93271774
6219854	68145579	22122741	79517288	60543157
28300587	98269441	47654011	46210253	6777210
21402819	33216081	60431192	27452648	543320
79548273	31407839	84631207	99149253	85143861
23812861	45697697	63494692	85580008	64356092
78744326	31745734	60953538	62600259	85512639
22949211	2164268	78150309	13069720	11384834
41765678	78728554	34712025	41064995	62038011
68685801	21473274	44576616	44140999	30479713
79716477	95388604	30663604	61923898	35521281
75186620	3078758	88983672	84547051	96761557
72408155	43459880	61698850	5825353	63089484
18020368	76693317	67269587	85568230	5719601
29130249	62561492	45257770	56186695	64354932
88575784	46785586	14432497	15060175	52428308
2134258	23293667	18412527	54622679	8928573
26203908	25117836	30983072	83065016	29727274
58846201	74979768	91164498	71501400	91372203
91888004	16591371	33603144	45929992	27600993
10444338	67169816	36406125	62930333	36108392
88691515	21186376	88185641	56060614	61640855
28787904	15642434	19294608	32117538	79409384
95986371	70437384	4065901	77921722	48939005
14166598	21366759	42377286	29956457	87074380
26346654	35040114	92605006	57492041	71569495
45973596	40875643	60804569	38904901	29879713
8565366	46897534	32694038	32149503	9013621
41429779	64423197	70680158	36307142	55781681
26944480	59820186	51255555	48132693	65746603
30150140	31441202	55615482	90977461	91228329
56502905	87968709	93341095	21367604	82378018
45305258	22832476	84445434	28530666	82117408
78730623	29028729	60078691	87193477	75756984
38179643	36342846	24701790	30008634	97320449
61031315	1322781	34965676	2786643	97087609
98920788	73713403	13727960	89874628	26378243
16085907	7045587	99540691	45970508	69094653
88789518	39483601	44062764	62104689	55432889
34711875	32493441	86388532	59643632	26716544
33416770	7302249	38520527	16760600	40888046
8042902	92211711	11559622	28228557	3386589
74426440	32173931	88722940	81071065	6544071
23748179	77370719	64279608	85967818	34076413
19997512	57796974	73795998	18660189	20115524
65017597	4380803	40018052	49674616	33120811
30246985	40391192	60730427	83853882	92383086
16534834	57547523	20873758	95860706	70523336
6030507	65954090	89218465	5296027	62473641
18640424	80073848	88253350	82030132	56818626
81181020	58355031	79774638	46351356	45208685
31520727	61354287	51166816	80646221	85582144
86215958	88854343	18328504	69392406	36807326
67482605	92064169	83960001	9086004	21327056
59408905	6739025	91085673	24593741	7408142
62863427	1058381	23000683	36735031	69305617
20010006	94627127	1331275	84291522	26639065
15197479	77415002	47294144	87700718	53288714
36868373	11413087	25113450	68145148	61227360
95141245	24004210	93389123	45795175	84445981
14309810	17546727	97589053	79399429	35867015
8901811	36999559	60728197	91589758	46413907
56213383	1195779	64754796	51681999	83056084
84049651	20601008	81520521	67855775	56297378
81840370	57428679	91315305	19774972	8502898
10855913	5914120	88222218	75201479	46177206
61602220	30022658	24477962	86757524	31937587
3373909	56852952	92480379	99585507	46854099
17990007	26774950	66454544	11458421	62204408
66254353	40547625	90048436	97312846	23890739
57623393	17076851	48838596	73301346	30363273
2918604	47818005	63159953	66429258	73603058
35357287	61476559	67209568	85801390	39827712
27347600	46679212	49084821	39698593	92860711
34468219	68620281	60283467	20003650	79611559
89255359	51300251	34941002	81177511	27467810
97639410	80559782	33405269	14207587	33341604
14622374	94058948	18573985	66082649	35909155
95875854	14869370	41190108	77510965	92549523
12115488	34820161	11923139	40962101	90895770
58186923	43917272	86734018	96870853	59238188
66416921	29102173	54369578	68667668	65789954
16766299	40496219	2881941	56584672	45117250
62485318	51375499	45313458	55854214	4038175
76751189	91928993	85229551	59162127	78928799
22315758	17358383	48125273	49197391	54608599
16459113	45332467	51310580	18459899	54293024
5889262	71717770	89901552	43922024	27725265
38799967	96545893	89614434	46298545	53990011
52951250	53168749	39996377	3607825	81573574
10795281	67732676	96803496	16341054	29284025
78874027	35344210	20482054	89286298	55705879
59938601	84496306	91006278	4605063	11695662
41334751	75766422	75115290	59630906	79657990
28670501	48954510	8802626	58221955	99451919
9567202	3764201	22512145	36915972	36429599
47026077	85592356	18454829	6872762	61772111
20416314	91322329	45980973	42989934	26740541
28525220	28532123	82005336	72610981	30015713
6156931	20609549	23872170	18561076	21016998
32392206	27980675	48364683	67499067	46919449
99378378	31831613	92452119	79030612	83783503
93286883	73601962	77338540	99020780	6807083
50594507	79780729	1173459	8257889	42961804
76491057	3980892	27260156	63049612	47423072
94399888	58486907	36259303	5562957	91839999
17121426	90480084	58034588	94143613	79452182
67269770	94873518	96486132	60139302	48235535
52810488	93102523	37691041	37345410	42489495
11779780	39098021	30725921	80815570	72390037
77980216	67042576	55738904	79368101	67159200
15885694	1519039	50306838	78079723	49952105
56287245	37095182	14945507	85453986	33065300
24430502	53203027	54549801	95167011	17114913
8721298	43052169	56837115	87740421	81429119
54565305	11816823	15954479	7317264	84856938
42273508	59188152	27490950	47635339	15958763
17801382	90471772	25171168	32323857	55901711
45631302	20538300	44759548	37330651	9253231
25308295	28559749	19900435	11598746	96444518
36946447	21119111	94981007	37284408	57918612
62465749	50223024	31756435	47579039	49845599
58716120	82406159	80159869	24958426	13497180
29478829	8208594	73752885	24944988	7609007
45902818	27881923	13566900	7932681	55901472
62825861	5083281	56566984	92201835	13085811
5163288	87571738	68549665	52823239	17083423
68636258	72546715	55822394	18633414	75793292
96869664	49215031	19453384	37377891	74460395
89380799	62925087	66200353	88581064	88368810
12535935	79871219	48650582	74529909	64867274
22141658	48613308	9908739	64375319	40843723
13619330	82713819	49836062	56145244	85865227
23058893	3744072	1655823	35010448	74292561
28679803	34040389	43568039	6842447	24397612
52984088	4082845	61830637	35930675	99144618
98894106	4497965	73654841	7153974	51197761
70466953	73673017	71558692	6289388	93326579
57431629	65502015	70056247	30693300	29021329
33517140	26652138	44125288	95560293	84685845
7538724	51638796	51038006	42943559	55857180
58896280	48307332	65568470	90892047	9417597
97499781	70878125	72762189	94988631	15113346
43079883	63293220	54179930	60721470	57893096
30089358	73639209	82221673	8938655	84033331
43379128	46860196	26918451	96270052	96568410
27494620	19181363	1850287	48443964	24537200
47489861	70098448	47162920	30530284	56093878
72727273	68780960	76797381	87358080	5062351
21547679	99285553	48316063	97908674	11788703
14703430	25891276	46249160	90627443	68245218
94461577	17313095	29293729	18330980	27951001
80572114	25810814	55484836	41993649	679865
4529880	74626019	43125507	56111411	68692512
16096384	56704622	48247154	35704448	6791210
15731744	26988067	55394607	61960910	21652439
41176115	30033170	38628087	10073929	75813275
46331620	26294766	67077691	11867948	71376888
4374264	14289378	11212786	9713291	76645167
97305761	47742824	460555	76402212	34489146
48996619	34430712	53847562	41110336	20002162
24090915	66418628	34827561	44852507	24720221
48994269	47938176	19509873	50893842	10427514
28104930	28723457	74199350	8236984	65508562
54972454	46773217	3815672	78196067	42727740
88138909	91465567	93831239	68324402	46134647
42702621	11632207	7195949	18201311	81977189
30249292	50222260	61107743	44291496	67803126
50256997	50679549	39087728	50044312	26348907
33593297	72005337	41532718	6131478	31500578
38644159	34300702	67930544	45340046	87427858
49849117	36331802	57203087	87720359	48298129
9982928	78931230	26888665	13901532	2718848
30000077	54189768	13588091	43295404	56817859
9967719	92585377	83651503	91679753	72050543
22825622	56113667	17830698	57434639	35077812
10489412	21082505	74049262	19470946	52519374
41449904	30947436	40621669	75138091	54169766
99203551	79561979	52001562	92394001	66025006
44004134	57124952	38749898	46113630	92821066
91182196	76656632	89395906	59205018	55331658
80456690	97024977	56817720	12424735	59007801
65448073	96612081	93599564	58039216	4648625
23420708	53237447	84415996	20707222	23244686
92088795	97411153	73065342	9098534	35845542
16266118	36989379	88025416	80059377	12616079
19606313	76776318	92684115	76185642	66917049
69031116	69586498	99101085	34113208	8929148
17054969	70579085	66099348	30026091	39451848
90379197	45360677	23531797	14280757	47975590
85183734	10354184	4815952	15789141	7662338
96346997	66437800	36871784	72529301	592673
20968787	67556855	11910373	89157273	33923398
54594599	40923871	89767012	50518462	63887988
20552866	65015786	77491376	18161650	83987109
10894709	69260220	31733717	68457088	42505359
62417236	83502530	62708505	92224465	50606278
16607619	90657860	10287699	31035536	25076175
57354334	39975468	33553127	47576664	41035539
11497863	75930999	8643700	19196129	80497577
31238328	13663949	23453490	5905008	56547628
68498744	89827472	43961486	47421396	55758831
72371774	31930604	75257172	1934439	65033478
62769370	30336407	55654689	43222722	371660
91769933	53724085	34787183	44196205	86593524
12860789	15467169	34873468	57840056	38998941
66978745	98589693	72094711	46068465	11118134
97490340	20397717	13005010	84549394	19132963
7907369	20566291	31666541	24143514	6722004
69345426	44582981	95758757	25352755	31974051
49804031	65987094	26434292	25603646	39588131
47482787	42701696	15421442	12765305	88578968
88476610	77273286	68007013	9188480	7963781
90263600	47546452	40655786	79047458	32788763
14069479	35839144	16388357	61099381	16448121
72790176	43042652	6006129	53454761	72666037
32100570	81452309	87751743	25230805	59474189
49196348	79766533	67912639	19810468	88540343
41291980	56770067	64272315	58926409	20732487
75584200	96285859	81052857	76004401	64960335
14643477	65694427	10548638	26437174	11221948
7549621	7254034	99090194	49069070	90393647
47810230	47997323	10999052	11868157	79901443
6601488	65548495	77385355	95746502	32107978
15270893	37820063	39772184	38227704	22443949
24016251	71168225	87483475	98268056	20488488
38247042	60310451	56473776	61502105	3665934
85757625	88840297	55273291	25596360	98315062
24286497	2771764	70666199	78592988	28699177
51596633	20146619	16006543	63430412	76817353
61931311	51146454	40884538	79361214	42853505
41155412	86303120	87516103	71648878	75040173
33639710	57196994	84298251	90792707	93260211
52927938	32841869	22122943	66832996	80107493
20304907	92610783	32384119	34982930	56775843
33738877	72500871	12230850	50158568	87293554
21513791	98601035	98055797	9623410	5814877
24739310	15719984	58261255	92170588	39238780
79726162	38584245	12195479	20971055	43564166
17358662	51025256	94961166	51650652	24932083
6740338	28731226	96033305	96276158	14419089
67193604	75941032	64611521	74612616	4129198
15315136	15746991	86710948	24698498	67652082
12000068	50260778	90528042	32660759	93101319
91133391	97018452	92772025	19066283	64933742
23210154	46810286	4093175	62284784	18265050
27817768	47832551	63399116	28594160	16760827
22698185	70636733	59164460	83651779	58107308
41083421	22268278	62854163	55252731	29701428
53626547	7604000	31359752	97462090	25434523
26023804	53715333	91684324	41758143	38768795
56738775	75684010	27228495	53047885	99381393
52417404	72830016	73067210	73544174	86645109
90096656	95593976	4702576	85597043	14009465
68251585	78698902	53720886	48602202	82867575
67810089	7230735	38148398	15322878	84397777
82441699	5390697	19657194	96024795	52153321
56418768	34651696	9378353	52297730	31417062
31646595	68958730	68619809	88803768	83488429
70292861	93850498	66833712	72441368	66212480
50167975	30244723	73160224	55395759	73137344
72659439	42083735	63465907	89684341	60183977
753791	98273287	27152043	70729903	69855466
8808562	44969861	63962825	94977899	53910540
30528848	50098850	3228575	82439086	17482373
65357636	54106790	58330	44991473	66079507
87403352	53408853	4309063	37550637	35903020
14005514	85416755	84319627	182456	31827926
88173035	59054093	83165918	16339317	68791759
88156808	59680032	62020776	42851533	70769011
23311364	62171735	28505006	81408175	59341978
82790132	21330953	67081662	8456946	40982628
85499769	2479707	76443662	71659312	45134121
20585841	55814291	93888026	67744187	14595269
10443306	30110875	36192864	93556628	56366319
29762443	32536947	9048847	37659079	84702587
43481435	2069519	67667076	91185514	76031169
22779984	44560238	93498392	31042030	29402804
39978020	20481683	44685785	52461011	85358323
3792694	20021003	29954099	11345233	94239784
94764988	66503229	16491855	38233277	18814007
19013051	73009116	37539758	13586429	39327540
82248319	38210403	73101946	81652345	96366294
93696139	75325140	92215636	2059671	41935624
54370792	34805488	16803502	21333056	45889415
95599121	64007432	82579518	88189243	49389564
72367788	84305420	11176648	71361680	92272418
17028378	63131157	88863801	15565583	42500887
25003647	82077749	58585070	68575110	15506800
2792716	33005699	65088605	90265815	82458810
88057714	37425424	39379020	13247209	64219097
49131524	59518345	14826167	38330210	76609658
26383430	85973068	6357646	30732053	94266885
23385276	16826468	94396400	15120814	33028563
20635189	38892295	14394188	28330303	31273384
61153506	91387793	22960032	23124174	2308560
3675595	7322695	80029248	65800820	88750927
17918275	11369561	68537697	53804046	83260291
17814823	57701299	33855424	32809156	58606925
41515011	54216868	14624959	81942451	4852179
63545651	48606546	41126614	11073892	44232009
16985812	65154200	52326548	38333364	63310964
87227894	59555871	36547535	48522364	25636588
14255399	97425779	91794714	33905541	2145614
93541752	41100600	90731406	93474920	42560064
53037976	93850034	69360138	61825732	94044979
58087318	45146939	31557000	46544526	44014616
75220592	42222181	38244577	8305527	90530407
94317267	61995945	55260919	92721331	18419107
60358279	8478544	20554873	41552525	78422265
29329761	86345845	55463535	2211231	74917230
56876232	87738596	46673724	29055208	417570
57934560	77536598	56484161	29956861	28767325
87065141	35750085	85000341	29847283	74447998
6461573	48344280	89199330	68981936	52517884
65723403	62296893	46345344	61153795	77133569
50088791	82736768	53417279	39386021	69967001
58426168	14825959	96180116	69148432	44682600
2265318	22337802	43296820	61422866	50748603
6697372	36637998	44889174	34618361	25427629
35058468	42469028	43848033	93383181	9305973
50266988	82265244	59198686	98516245	40248255
92006468	69779602	76862846	3992256	56528101
16938001	29863680	59692690	23391921	34149009
82172704	96242377	62377721	7305234	88015172
30551098	17707857	25058528	61218761	50220332
32272889	82327982	1198969	84550334	78147427
6440341	21011448	71856133	29939854	71446280
24638151	35382264	13965526	76095625	88092765
22198664	21452381	8628400	85019487	36743561
97650794	42363773	64080680	72735651	61166380
3492118	59794436	17225144	58255019	97560060
31631482	20466779	50187533	70598856	81999165
70185293	68426565	48244504	17678805	91739857
89406147	40911408	11818610	86714058	66464566
90635972	43535620	4486621	14724943	67974718
93881729	26738911	31159387	92064297	10926934
62939391	57785655	77648600	23238495	96975068
3238662	27032527	97292935	1475542	98758219
48633836	75210263	54065796	76202192	47709400
21573191	54740481	7477478	35939243	88670761
36173122	58213202	20835712	36669782	77449488
44438141	61621208	96768129	46678667	74044214
94904078	15789512	27894293	3044670	68351588
88073047	73991889	54039115	99147385	95512478
88037475	46622853	73241891	22690374	70213858
39898073	61352218	92913194	44683637	93734679
19472732	51886955	34002752	39501608	34205488
83704116	57930716	86143177	51729515	91471407
68767681	46882644	66834164	62869293	88297882
18506750	39427399	4753685	35530270	45452687
14364755	22642961	14579075	43837024	1371692
28040624	9728720	66025984	42658362	9516478
16248638	19722802	97552851	87783366	79815655
32035902	95765339	46831117	91639067	20274470
62760346	44080345	21632383	89369296	61248573
65450867	66353052	84523605	74721624	94559524
19090793	33150912	76940954	71224898	41267358
14262642	58338155	79589783	58914845	95620460
33370659	62322019	95800139	88150802	52017289
42434443	18570901	71983585	83692009	53304584
6532816	62575616	83634272	56770612	1235001
30168474	43965136	86590397	36470335	80871598
48299559	35697554	94575125	86983461	15377078
95411755	97671739	17096701	64717625	77275161
34225988	84452933	42893758	13598406	11029359
99245792	6040916	12792097	42880550	38413929
80572860	36702430	92987362	62974003	36790914
30328914	85541305	54728118	21277783	11042713
21727662	11293590	70164053	29510469	93890399
55927201	25326282	71334487	51436686	98817595
3841369	27622580	65535441	85394194	54181774
89720707	87095495	14204688	51597842	80189790
70550627	2442940	27594089	86888502	96120310
18436183	65315914	17995427	50275078	74170370
11521791	16257253	82744843	57628340	42977333
81926895	16465216	95444092	40176604	44982284
50139933	91252285	92728065	54144833	72003013
4812151	40811166	20258589	81879145	47541879
52059625	90017380	81641368	99431765	72720818
81557898	55068507	20601742	16209119	22346822
67507396	57485756	18792693	52449837	67221083
38181506	78822465	61903939	23998164	71143038
404797	23058022	1314270	88116605	29369029
72866739	55459143	91765118	38103819	30204846
50222113	38002968	17728720	513100	67932378
36427702	73536619	52282806	58170523	16393773
85795592	81966653	81262220	39324873	73885294
62006053	41657118	21566714	58775529	57101585
46545523	14702846	35293308	62509286	4320087
98162960	17242907	88770820	66359478	46698013
42107875	75431266	35658012	92898827	69093288
60012016	47503581	50484810	3249763	7306949
44813228	58750885	9663023	59833122	66414848
33833919	56141353	1573010	55851611	56085038
25210286	76673504	93737433	53491405	11053933
99695855	45854980	94125282	47712741	75752766
31584665	33106531	62969921	53462337	52931463
44893889	88702210	9124492	44585765	49410748
35544378	10379815	30031667	98990997	83117305
21956917	62644265	8266023	46752637	93301167
29085718	89102232	74431422	87806741	99815340
98296801	6656060	27935670	26309293	9491934
26771672	76617344	15796948	33227634	44639139
44646607	14243876	16279008	29005435	17775224
25839170	19127735	42722490	71264633	28936090
63774391	22267590	47028166	85103216	10694920
47381463	31882293	92602677	53151365	34336876
61639422	67388277	20746495	25082681	40314290
46785964	47432282	88972700	12949542	66157015
53605332	22021042	57356105	89996777	26989255
29484103	52949429	40523491	73401239	93396816
69736127	3078677	59059522	48785402	79128002
14590986	94005331	85261564	66907947	56347226
40139380	40497054	19457032	10036376	40766231
62908811	2444432	84866646	73577257	59808292
50272229	8480659	25604885	32374020	37865588
11533407	48172083	6695189	84165888	21174024
57660965	83793427	57734527	49746875	582172
60291170	66607803	71672691	52189735	59984561
27739390	27423666	83687434	22640138	24098669
26997367	18742156	23627982	7309893	10409040
69579473	3634635	14300449	75929956	93088420
31697170	14548695	99236367	45923077	50073250
31642545	96576897	47953102	41277958	48769362
45989354	42674834	62496908	82789495	8024146
8166753	38232131	4905588	93924231	23364471
18903913	3905581	6374552	52091638	1467856
29133537	20239611	44153196	30150002	88655176
29511816	64760022	96139596	3339706	69588431
72777037	20910302	5533851	99037778	68461959
33968233	59668781	37819800	64348430	99580955
23036942	19101456	53218254	36578537	38791763
32434723	51673429	61976832	20458643	44261617
21180368	87424864	13370121	40938329	37148308
62556261	59232553	97561266	81620134	76482743
57310236	59718852	6178039	61192703	14353911
92750657	95334659	11793977	64576533	81576035
55799348	51526180	32199013	31897987	54351309
44306718	90491683	26404903	64707646	4439872
12561960	20943062	48071301	12262844	17864991
30285353	54959027	95748313	58991124	36757253
53809102	18531324	81903917	6959221	90740913
73418379	38081305	73150124	15669236	66554677
42169246	58156296	84790833	71198660	872874
47931644	90977898	39431684	85829816	80432874
68825264	60260740	83372618	66893330	62695039
76153180	90141192	6984493	13801321	81775835
21169481	67204612	97918381	83324056	95574644
82060188	41411641	51225511	90342332	49715743
841604	72123532	92524871	39070932	76268247
42514048	8766944	36177820	25713800	57682923
8296202	63322625	58312606	7954057	85861139
62560738	88440705	169605	23439295	35438478
23448903	82983430	32568936	56385907	86958994
34893781	65578162	79079169	21606109	37036624
36775055	90133448	22776334	95507750	82575279
22689674	49489658	78283366	27023693	60055162
15947757	54605005	84347687	91469482	92356570
28181563	50221097	70610210	73848208	33679090
23681000	17841411	63363970	67426961	9929091
50188097	61995748	79539606	75959924	31632240
19161938	28352964	3876794	62330380	50750285
50938688	35705725	77984634	2796264	65782660
64189703	59062208	79300756	25356690	72447682
47130933	14118356	6733707	5975218	29155576
12077858	35286438	60118409	67061986	87998401
28594514	61839005	5217208	81055070	12161232
44497067	79026018	14149044	48960622	98253320
86093183	62213529	68428977	90112704	16434652
16654264	13878467	71390126	26613	43105062
63543034	75005225	26751297	66174309	65368061
69409561	52283873	62770574	20059630	83211363
6574228	47704793	3760403	84692144	75977918
99449890	37693068	81573250	52266080	34975265
54454690	70403620	8057205	10743900	30792720
33566797	88491176	13837532	58842772	76968587
47750060	10327977	30573331	93147137	45109838
40451958	8379417	1777327	6059085	45645605
13496239	61738764	43736898	88958552	22529646
70532369	50606757	75876208	55487371	6697915
30252682	68682684	84527521	79540040	99415918
28699495	38177742	77872706	30583899	31859780
1195052	28609602	14361616	91852554	61152290
85839965	53618470	71898460	95039694	77618651
28868356	9534088	54371443	9047287	8587575
66783291	70522307	7679999	60816766	32350353
30660385	36367310	87611006	94370700	43371530
85195269	41849034	5682954	14351336	64182482
59017688	61140074	37890905	17274251	42790666
33574534	58869190	62600534	69661422	48917862
94717325	41706967	78206923	9339329	34782446
12445692	82172967	26566056	93759620	88653120
60235506	91869943	27890223	30562433	86684429
32089139	96327647	13811919	62385041	29602567
11683323	13006218	28616808	43681256	85710271
97519497	6386760	64779410	5389709	39873732
45615077	41362496	82798404	88453126	45608172
84585664	40019641	20828585	64780782	3624088
20615417	26089454	50670119	25280961	41917335
32598333	70829618	16320219	67024095	41050887
34296464	51529455	9260426	5866116	40597763
90214192	96634914	3744962	97597413	5770484
54430739	69149916	97921154	35279706	45326956
98162474	24398525	32721521	54519810	5260983
39252050	4769274	41957834	29692850	80371628
88675059	32547192	57161327	29147947	38337397
27912781	15585508	38557430	56622288	76784860
3197238	52653876	39336436	44465653	57956693
81689130	84818234	2079296	91334393	69849899
34845077	14805781	81623244	42875300	84088462
33217812	71028454	40077150	51144784	62550679
77412141	59165725	73720130	83265186	96915452
33975601	50163940	46514326	61862726	19062617
26720804	69700709	73719197	90607773	46749323
14748307	61561543	99586125	45158304	46260437
8912231	2904870	88780116	92843586	9739795
46029247	96141787	24286226	62631205	59369294
41217129	78760615	88389978	40844497	55446342
88432509	93358694	39040051	75867612	93687889
70536892	90062294	51580732	57935370	61634709
15190379	45656637	12548279	15374189	82940356
52506981	86609343	62993564	15361086	24328763
21302010	45113141	56552131	66894467	88361557
16321713	24159015	46133402	91848002	45942779
55951431	35214194	41045674	31515910	44000883
13540852	83980645	92635038	74364666	13417839
12931294	67747173	31891364	36269032	76235575
72432941	51371509	78574512	14349624	53364944
1768809	57076397	50439139	33240863	1675059
23818286	40378238	46710702	72875072	85248181
24975271	61492062	55899905	88103384	62228180
52953650	34641958	19511465	27798147	36364471
32815805	19133224	69253872	24769517	66369282
69962605	10973589	61331777	25884255	18941992
72634437	72359259	73244045	25033758	17938438
77475252	99514903	46690141	88651325	42653766
58402991	15863449	69151293	35092974	85724383
22320779	53070345	9626328	19306291	1998274
4949563	8531651	76025650	67944185	28237371
441695	28906178	22077899	29816728	65439317
24853999	11293992	19279685	34164699	5762334
23682145	3321049	11211435	47215877	81826823
73107783	30249120	61013085	76794	24585511
1105021	90759780	81031153	63310588	91806066
34122056	43728748	75181881	90244651	48889105
64098620	43187993	88953762	29932079	83708343
65641601	30624415	316442	37542471	10741381
81949564	48811590	5024140	71828027	77293304
15630950	92905790	20955561	22780516	76004522
99414537	96269686	89903552	48491614	92909871
67480255	33758400	6614484	46068885	38638227
30439836	85894768	17701054	20293327	57391892
62283101	4661158	30187114	52829004	54438160
93831826	40688268	64747373	44371131	52520684
30449076	3183520	79952600	93805841	68346740
76660295	27158418	59065313	86278802	74314408
28644071	79152883	63621381	78392633	51916556
22131184	77714641	4224591	78697163	17427864
17588581	8226538	70275477	18201624	46104098
59736772	30714865	79839924	25250965	54155631
49623856	98103183	62329563	85897608	70790096
81609102	1822909	87874615	56946056	37698719
50811021	78218435	14520341	41165021	64696703
31413907	10998311	25947438	69606712	23289883
34323675	60851101	86412195	49395623	9737856
21711844	89469290	20269656	57603521	70828580
43773350	83726231	58684457	6197580	91865198
9589228	64495813	53397889	60199337	87410854
98633935	78620346	28130601	96562760	2720353
65926199	59038155	52325316	83998069	52145232
61489041	84617454	11132567	56410336	70180490
30071901	23631553	51737458	70626593	19328167
81391514	93446907	8403150	51589740	60117430
22012557	49045212	59271358	13673707	39112483
65088629	66664467	50532721	34146317	34971219
44276036	89529788	73388846	44580281	41594620
10944255	54214465	77768653	98864794	85312258
32989674	10034117	37182151	28463190	99576988
73252553	3518806	92630642	70519621	69331051
47756654	67567189	50415237	16155040	20765111
14972730	3172315	83605840	97687992	22901346
18299546	80062624	13525195	50220743	33156438
76446534	3537440	54586632	46312377	84836235
7405266	52746205	23369667	97322377	58036619
22249898	69682151	87420009	17639928	25936871
29701630	94612885	36312201	88705740	70995103
3795380	22331067	63123013	42721140	81245573
51143496	37850261	86236699	60875947	30268587
83728658	58459680	66159390	31741576	81395463
65473281	86642914	16676816	98784728	13373765
83757428	32879843	48193562	38034018	55293372
58585738	27011799	92693816	87834407	1964218
26826933	24881026	3961708	43336892	97571998
84504332	51441543	14829950	87566771	57292370
39628557	6288366	15669278	3796468	9837042
70345291	35990307	89990234	48377013	67486017
28292529	29279806	71605455	20163787	11560886
12679748	94682956	6753746	98785579	29265995
69797528	18566755	60692535	85246340	15637979
66299974	58352842	46720046	12056566	12729511
32701490	92272040	96884164	71309770	75890015
313487	37624966	35960415	9233137	48909524
38772611	24204337	95197058	95863013	11954714
64604487	41554309	37897209	82093803	16233795
76032348	45907211	97093769	1951112	75046689
67448014	70454452	80878341	17871777	99076738
2129576	45230765	17669051	26665813	72414292
68408383	69248298	4824281	70271695	40975504
61566238	48881151	41706902	46795462	11954207
25680847	12172155	35643585	7316819	81441139
95118500	66093224	25997862	53890532	43852990
80965948	58306311	31960988	20221590	71135840
90456593	618424	67076685	83061130	59385774
82673054	51114202	30942730	97643158	63590991
11308015	80393718	90312934	37683423	27662630
26012879	56279525	2499370	51103587	63451730
51016680	17001661	6770258	19089857	16149911
88056170	1001444	91393263	56798303	43920396
64014897	69804070	22044188	82278205	32943071
64988480	90374179	38551059	55058415	97551922
83127817	36496868	25273617	15344137	72780216
51375883	87533318	94990483	44546150	44638341
82512891	69253475	13965256	14837991	32074173
54518232	89140601	82945734	10285450	13120974
49155819	47164649	89271613	2471888	2994560
4252562	83580673	22293812	92763869	87557967
44925945	4498354	74107170	38438311	13957163
61515588	13102154	92118010	49942707	58469172
84799373	2653693	8520513	43246745	65657431
29975229	61494432	40516662	1673415	80835356
42101030	13811798	97751055	86074130	16304783
4732175	56459105	96202647	52748525	95539075
86794640	47728147	18889763	47265330	75526939
10998531	63598685	94797496	78596419	14851710
97175441	22700495	34010744	40587728	49266197
22025182	23944452	82248988	40946085	19963194
65829838	72680332	17163733	14797532	72778173
78198330	59114299	46431269	96478527	3534354
98543264	73809209	29587579	10950039	35308214
16224286	43301619	31037134	66200142	35008828
72933508	67597600	78341235	87651917	18879292
87224975	68870375	33115298	5203398	47040409
63922433	89534306	18775992	20205855	84526027
76744369	30956256	72058679	78133985	98560524
11311756	46125361	63228425	98636495	54135415
52682840	8023172	84731272	7775069	45922105
68049931	52808802	12069038	78454147	54230940
46476599	58709433	34528332	9203928	44105417
14046722	49911271	13138475	23342849	6236693
38492672	27283009	31991574	36417405	42285561
46901416	22478624	8580200	97831088	49451641
76149942	5063653	50907936	30035888	2018367
46238960	98582987	53990941	74249734	73662632
21359049	21471583	72607169	97699424	40771539
63440031	66296799	66048360	41654287	87761108
67537145	14464928	94387700	21049884	31455123
39257318	21359947	88274155	21242210	48025408
48555501	82435167	63804456	15977888	81594922
16800356	31089327	63230727	27139691	44686120
69393555	69938904	53599011	55414989	61824900
90385668	5093024	7243276	31057352	63666931
17941797	46257931	61977155	51561621	27871911
19695251	1980214	78155093	181495	34974918
36500570	10137648	55586800	48338901	27121722
91823058	90323966	72965444	39496689	35631277
96347130	37013462	22789016	32721238	89366958
12274811	76091953	30023422	46504920	22395773
78990356	62986983	22910941	23322114	34838414
50610515	54381458	3934350	31399280	85873292
22386551	55429483	49177355	51384649	24397703
16165180	98798792	63533625	79867335	59945727
56055803	94927730	27030890	5479843	75124374
93552020	83252023	18927993	61338305	51361940
83853695	88499117	92586114	19495253	54690701
13993176	61073477	98571928	30073036	10888636
20197586	38387552	43049743	69270499	37906432
66586515	53284073	56814972	63618890	27289461
41158179	12373341	86802679	48679183	92639005
44863743	32908900	94014487	94741303	43623538
21993219	87995829	48781945	14104390	20200287
85074169	21047202	31877110	93713059	23688152
63856950	17087563	44893962	87748811	54455664
64579837	1121239	70731872	50252815	95237980
36874822	13554406	73469972	11770291	12816322
87047935	24627516	97993277	84041369	61421259
7984048	38749443	72795461	86425328	40260609
93359547	43100677	50884319	1230945	25935360
39788820	84321152	15791003	78902900	76321677
89814485	2389254	50505467	82168449	44962178
92773614	25652259	29448606	97219656	15817902
94640888	69152742	37685909	59724981	63134761
32126058	27584138	79331459	94136194	17340565
21322854	83698341	4066708	96333478	20711616
88391335	41056525	74178136	64626646	480309
50671413	56594216	67732374	92020999	13136194
84517948	80898878	73670913	41581793	74689263
7387095	22171717	44273174	88581255	61899319
17519457	66046237	54981683	56598631	32183097
46270371	88473199	22367606	62152549	45920518
69717993	9979319	46376611	6972426	54540114
14979277	79745598	84744003	74936802	79457176
18763342	49611228	68888587	93673454	83390904
94282689	38204858	24071592	76327567	39228872
25627684	19576512	79616207	36232535	26776204
55079350	54566470	25626834	72234743	46722067
70670483	53237344	12594042	33451394	55877973
22427963	70563969	20820411	82157502	71726239
48498017	25962055	20241914	86020175	40832280
54273114	13338783	26755102	56816862	70982346
43153073	81996172	31686890	3039726	364583
47882789	29297168	35036711	23498355	49451085
10579696	35735113	5582746	6313379	16583575
34984667	86970404	53281770	31976102	35699828
15972354	60417933	78942286	47915664	36353442
21735635	82085966	94709324	32133984	9152478
80876953	21251145	3092985	55844870	56760291
91807595	96425437	66981622	54312385	29479961
995841	93686310	51410783	36350795	27124757
8720177	78901968	62413377	61832648	87977613
65266581	31408786	36265771	16926681	44194615
59565396	45226883	37768008	86988747	88865274
62980503	42276249	79012920	96778016	10804902
6926458	56492603	46784006	53992880	14698116
51677610	36418155	80556685	30534381	33617686
85788076	75587806	26491312	73009033	35147079
40303201	84697752	27384217	71645022	19834815
52626251	11583354	59175414	71701179	4668694
32162310	93539251	24477920	90836462	40746751
71295901	34644726	43716640	38584714	42959749
57678101	20413162	55344038	70232123	15529659
34948589	61927753	57354178	54941727	85522709
89890010	16386443	47672175	20483169	40532379
17534312	60537599	76496918	9514714	84396589
1791415	59678255	94531354	39881598	86328016
61203315	39208749	45423225	19139794	77683300
5285234	94015284	30179283	74860457	26685295
46085088	88362292	38945846	87087351	19807652
86233606	38427484	69429196	65791831	7300288
6636279	12572781	98451301	22739907	81640244
1855086	22816526	17152875	44076522	6426823
91371546	94581866	69267872	48361390	78629433
1907830	89884964	27363169	36810498	62439593
45724558	71856024	24340801	73073177	28754327
6493005	90427147	55241249	44853103	2520866
59692703	92272179	75045538	57335488	94444778
11325251	47957015	85772154	946939	22139769
31591864	91071744	22795089	63453377	45251158
61510911	89317215	46621684	39044238	58450376
37514719	73842132	68871903	5774912	84245738
19225408	80260841	93172459	60521596	22909464
17389689	45347399	9280853	76853545	98756122
8130666	12304658	88506072	32141971	96977533
93584060	61793482	13682663	94498512	74897951
85919263	16564526	36819987	42805627	53677584
16057375	93733479	68045421	15512983	49495492
81877556	51242056	86162621	82182546	81843930
89523013	89417938	74121872	44606818	95219104
48847314	65523730	28908536	39060215	13165976
53848793	424734	61694888	46801489	50303189
20501636	86357944	12497188	71608628	13713057
52329166	75686102	45372862	90109892	43403501
76718396	33904280	20619878	55158947	79448544
67082861	78178956	81696735	13003686	80993638
7134347	51447447	56745695	76635639	66839267
45841431	68202240	15782966	50205410	92254398
70496502	27884489	77441692	97057306	47630526
37972494	28268946	27284892	19392817	95947556
53221289	41389213	51753937	55035665	21883242
75841150	77361406	37783673	56671200	28144945
60356660	63517963	58984901	53951119	11216743
14885077	7645565	65615069	6025008	28681987
1081056	59565662	47485591	29528653	25334795
38249616	58535467	43086416	64101092	47988863
53277377	36880921	57223705	17281639	53636089
99616763	59112364	86350911	84511962	61995928
74662499	80287403	29628344	49291703	26548721
88805579	21480459	16360325	69853334	29290216
97321621	82819780	13794575	2432697	16889040
50282905	44424831	36835855	17846046	83141679
99717459	15332254	8618269	40486847	55115980
88069224	87392513	80726756	91334547	88852968
23930430	99137184	19509202	21510924	11265446
83964751	83088874	58217862	23534756	48590627
27674494	49423299	58080170	60220882	62599627
40296898	16780429	33160638	70738100	93621339
622260	12061914	40757612	37661504	31834954
72736569	92169406	88053781	70654735	51212850
41259101	89612759	19578614	56444070	94917942
44070538	85271614	33960783	29320699	1740466
89943400	42196776	53443117	65928671	66772337
60230081	20917047	31864587	51858175	10376111
58854393	8956775	12955790	41626421	39657398
94032699	78919506	72901428	24456649	95807083
42877786	89945348	96726552	4276627	51892833
7424381	9228106	25485558	421629	69648769
48208165	48499344	70474314	51709418	81090972
84674086	18290292	61921482	67206510	34641573
25032384	68347855	52460282	8830579	90255159
83904985	78468815	34761383	40973546	13186351
95316358	54935371	74295687	69095325	93483003
51080090	47820884	22205395	73737338	89166137
96751349	99294695	92792671	50148611	97219987
26895270	43525882	39084250	33252515	45662985
27752870	63651540	34300913	89488694	49569578
78683486	90506518	19111247	35162492	6842508
34095593	27542861	45427998	80860705	95653163
47671026	55241274	79038205	83156538	21511805
58318505	12629801	7224708	29219566	97679375
21679232	50060495	12112071	91703531	8891160
89498926	9562707	6237372	58045495	2883454
57297625	16342017	23590548	88635788	72342149
40362781	75899734	30268985	60424735	92309895
61155970	23128235	95706981	35060584	56116195
67058756	52269205	67896353	26735294	62765053
20168448	55284167	59330200	46152751	35107702
85365444	44131216	8407958	71336325	86599672
90028317	91840155	40808519	34245880	1131415
90434898	3482118	9863788	90806408	36538178
41047378	91615802	85775162	73880995	55327925
7725840	4095477	71237771	88188693	2383228
59101816	97852580	27021396	12297083	94839629
1109031	92921122	4729279	64860434	7696571
81204817	44139390	52202994	88026349	37144452
85457524	66754812	24962914	57883601	32096124
38498187	14454394	23539377	56502170	27737752
91103557	24717620	19355576	1051374	73508065
5746681	21843326	461455	86494881	10233772
7188853	34052029	83455786	9418377	41445228
50777705	19483354	66839097	37280820	74815484
33906129	68688461	788610	58113601	85619375
86386416	13013718	1628663	80050137	53627616
89579367	95040280	33806514	35792117	43748365
85645675	49893581	45426722	58037739	74199166
64905180	34552055	69004338	42032460	66668595
37778544	32907203	52320729	26134446	65784762
62315139	61847571	86358317	56597740	73321685
81527679	58933153	88899506	78710784	50074046
77883016	73323216	73799757	98048920	67407684
69015930	4488146	17498351	80625868	77362027
11553836	10762020	86254642	18283459	638525
42022621	76975803	17890140	85925815	72625447
91067614	92879894	55753915	5072306	76277539
67158024	31680099	66075276	21592986	77728310
39598687	21814625	92941413	14433766	50384916
87651927	27191008	33257514	52465729	48574265
16391468	74129737	64167119	2251426	75201521
70294661	81339779	44694207	17932241	62955604
63501843	2692367	93072053	84847776	6785969
13138888	63295201	2340514	85444812	70478076
73022781	10775693	11326245	11418782	59483326
58815083	3388156	34283617	37893372	74344838
14628255	25081185	55998420	28555984	95858960
72821430	66508430	49989661	41488718	54477364
65890846	65875896	66266918	68370301	58920527
58022871	9750771	17004060	88154254	53536768
81426407	77340545	2892123	4190029	24910350
51244742	98419351	7506000	75306081	99617703
96087112	66211959	96181195	63393208	93367422
87920108	97408185	350182	96448739	12840823
75680504	75706779	96344769	37947942	64175083
92845572	61059452	29211484	97527281	28903917
92173402	34256018	36401935	2530523	86361138
75902104	84542700	67758412	13508014	14303955
56666914	68551723	60314893	85939690	81736172
26043908	72115466	49672487	15516356	90279572
73919645	31047466	46157323	17988959	2902801
6407572	3091943	2585013	32565677	88651202
52229334	5988592	21006373	6801573	49390606
71623538	86501429	26951042	26586530	90230186
82092998	35537921	10160724	19588286	74326845
97696552	28749251	54653697	37359263	39148484
72023768	48583772	19585711	63786512	94729924
50056194	37768281	50055647	36342571	59601499
85144916	24494984	19410859	75315196	84454593
90080634	29381864	94624428	96445435	59855852
92353989	3638844	31642275	72027767	21593231
87361465	14457337	91040946	97813635	95102900
65055719	64898708	92378014	95405520	63451519
71508845	35461820	39024131	50465735	6636405
87012179	87582045	35641711	873507	29904683
33590562	3299087	25205039	63703175	92834105
15350927	98819757	69987398	25499921	63758014
15527452	40631241	72312929	55889003	95977031
57139786	86831613	43738575	32027390	34631415
40717418	80074387	6263442	51466257	69670484
71120951	20107360	51406460	26361710	71052507
38996604	61673872	25243864	42322395	53711317
56420797	69941356	6895515	68648649	88854913
5417166	84301478	66378683	87353685	74733426
23998596	59513533	51772479	42345471	22622771
2318516	79849585	58412687	93432816	53526175
54078282	61510998	91822084	49814664	37952223
81483973	96905071	24242903	2652703	98875131
27258079	20020776	33838685	26374424	58951285
46827603	35070087	39450533	92543116	54042302
16322727	2588884	37968436	73864425	32162081
37194636	93434900	30484903	95490850	41080763
24548414	34550258	82829050	83555858	53680715
69250348	5232401	26015281	36184115	35800122
36639830	35394373	6921312	3304592	18197194
82284982	57933840	24918804	31662673	83518654
80267524	9316882	75796866	16833835	25008428
80908086	6436751	50741580	50642890	36319986
94711645	169190	61608582	76178876	53120781
54209641	7483023	46506861	14269812	21673917
6474997	5334202	36122864	65988419	1823430
86398731	45968451	16015193	16062709	37886942
18997227	39638522	7609438	53308078	98630834
9331668	14131390	80083249	67833771	6091527
40917986	35049783	21863812	11499526	46822260
44041265	12978516	87190667	36973860	48848215
84106911	22489300	87826919	34745856	57612160
28511813	84186578	35125557	44888430	68634765
8023304	21208961	36376542	50490728	11479350
357014	36997679	2214270	40862869	2813474
75657269	72211414	89304531	20837989	49590341
34107139	30954011	77856584	39457269	8832481
43903671	56445005	54404125	17882653	9883750
75740310	92380444	73571	86213327	31957815
60613021	43739653	96205820	62246379	82304967
47265867	87842167	36357610	34813207	13132192
4509895	77525757	38082287	18401517	77565363
62881821	74600205	31995132	43541481	58455549
6448439	64914959	42653557	62070013	59887700
56556546	14688485	11058532	20057111	97834119
92221120	30410192	54274816	88691844	63951792
51537213	87606770	18828319	12311170	70843787
50211006	70154116	93371280	8518088	62996744
73410004	74073414	33319737	53661119	82627694
9719015	71789425	48467265	44847694	31032161
16901663	67304184	21341579	88241282	78388658
87171785	92782583	85876251	44562988	76718685
52907659	50460977	25881885	86141216	7284512
50449138	29226043	62298156	80061433	8708429
86159664	2180595	46169841	95789309	9541173
99153255	71323008	63511769	13616431	60818449
87590033	38616625	72699596	44643963	62021170
22952487	7740949	24505803	38706089	74007676
42442417	28043304	6193316	81841340	93871523
83738127	64043823	73115727	84876392	70377849
88133095	64746049	5612016	95862263	17987623
96965563	45701614	54012964	17579394	64583864
24635546	63585924	37477971	64446095	67206560
85518669	37716704	61643303	7189022	50516610
38600072	64713879	66841386	89015650	87377930
68674827	30087634	36504573	97307169	36706026
19456813	42929891	53500166	49263977	28339806
95645214	31800073	93579539	88793844	46515954
81081549	6143540	41701740	11658812	44745771
5463419	78153438	51584356	68684929	39480036
34323177	4284630	83136000	97060080	79202508
73953092	2853160	15610719	43614239	75058671
82422050	57946749	38884138	52298762	19768244
12566760	54285160	77393848	22309964	43240063
61519142	20191954	38929294	52737323	20547944
68034923	49374083	10871315	29405453	87882259
60776286	7251652	96608753	96462973	59474411
13419516	79902630	16355792	73799781	57616046
597431	71872436	6325284	55759680	65920834
46884972	96075160	96980462	20042504	30892317
27500474	53023467	56070633	59223599	73229129
57502936	38245314	60074807	64805702	47819943
61014410	49649051	20303646	52636531	8710405
99300169	49145748	13944578	24040896	97227581
95211545	46582344	24043156	17900336	12319622
76904019	57451899	56853668	37015823	11310612
12549279	4405066	35258009	16313406	5062492
66605082	6721655	37508716	48327799	28670102
39664261	83236542	6789660	9918035	12527078
19043856	64778878	61470879	78653081	57414931
36892760	93959275	8494608	76187062	57592184
96109823	89936489	6280989	24666678	57847762
9552424	35630224	16204261	22534574	49753146
31203239	2965379	75276624	62018140	24786238
97643942	49824564	54314035	27531530	35081974
25053490	70904925	88873346	75425627	79090810
57742332	88215463	60329619	40774277	69879006
61851192	58715401	91702796	16186036	89119992
14784124	28702870	15819509	12871771	50381313
44389226	63809781	4373752	97233427	3260286
5718371	44244399	94871046	67082869	4343808
44534830	10710195	29532973	54252609	63094248
1999751	77787637	85257360	58192728	15525492
95007669	83250991	56209511	45992479	78235740
79633989	49060988	17536546	10984180	64291980
30410031	46897887	44650196	69839790	64298411
45411683	66997975	58358456	14453422	78090618
82465559	39328750	68268939	26435698	81536360
13192197	72704509	64807830	29891765	30988191
75497685	43766422	57333679	20368214	13393736
31314456	93385111	65430903	73156754	71482483
40932532	24450803	51374385	93333736	11707951
7129444	80248548	4834138	10959051	18780036
78197449	94909588	84547199	34277122	19799265
11882421	41535875	76541228	34084996	11665452
95185649	58688311	82526874	44059540	85962113
11610196	25412213	18032585	92215022	52822887
1363190	22074083	10445244	53165951	70606461
18914202	88252352	39934634	1516736	30126967
12549268	64640455	44555387	18048284	13865024
8865066	44678239	16333140	11746496	18628596
91770867	64644454	22400739	94912570	24285062
9330982	36733900	26728166	92900500	13195820
64458546	62129981	7308189	43364946	83755305
39330905	98530892	89695402	32294302	42326161
50176812	31311376	33210368	70110099	24654245
91212337	43542877	95851395	49906164	91187744
16481049	51520456	97265354	62172521	81006358
73259810	72287723	93909670	68058253	76231812
71823096	12292594	63967926	48850698	60591538
61532723	90137321	80522687	86837732	60826144
16623772	29472379	64367799	85617491	92324540
2519418	28258538	24226775	20211302	65750148
27148053	70424068	62391177	22210762	69738366
19215133	10707041	68035339	27504890	93233794
74549727	81125507	43253066	94407514	29887708
5542375	97162090	44845311	24254249	4178688
87997359	70141775	57798081	12385210	87418215
72419084	64748851	93267497	88589663	40983874
33995100	57625637	92257323	83255738	70945889
42597401	13156272	60214175	19165417	35765953
42697879	36739189	51645275	71216140	30405070
36073567	5606610	3298891	37656082	67086777
84159698	1443098	5280132	48812059	44617433
87096693	60802804	58557710	60810665	14868324
20117108	46666889	95545845	55037007	3791390
37022032	96670681	49485831	69207620	79116499
73851192	31481061	41985322	33064665	92138422
22306755	99224099	35791824	62726838	48874577
69775123	11751545	48154490	64448511	63424837
41039527	62833999	83330211	38482328	53231300
38704907	128834	54554180	12431114	98791357
18007295	6739660	80761766	26502433	12300729
8726006	83738016	23819398	80506431	55460101
63245843	94222950	91135670	65244842	31351179
1398298	87090090	81377144	64786414	87487049
8143780	82537132	90173285	4329991	2625367
23032171	8567063	18907311	50399648	17958315
1182348	89172692	87525074	37629960	38552478
56999266	30362487	25490065	44754173	40472446
3848923	48273598	52928189	35696898	34388946
47775879	82037956	68939526	21902530	46505926
89077850	36862683	3549973	75117433	98257786
76583462	31532082	22399486	35753391	33211537
83734185	22398470	92122053	59167118	5690264
3748770	41315580	11118732	72234963	57796066
64518123	82993556	51809030	78810515	93538886
88276219	19182403	7797543	61263883	81242282
18862345	98943878	45450923	16616997	49049952
10303585	3020254	67076236	42932281	95716212
54286299	91127804	62364682	8494715	8496886
93471640	56659058	29836915	13914661	56395508
50524063	76587800	74786932	76323826	51473739
59055811	99851847	87377669	93229195	57632236
98478157	87455084	78142195	96416960	25419761
56899129	37071850	59260573	65910276	81422487
57574730	82176039	81699055	26365319	82007373
46670079	9424504	60512718	72236851	11399018
69530243	87727671	90820671	21715758	12351943
16713836	93221207	63352827	99812445	89442210
58761114	37743509	28818936	43169208	42703009
90821314	71519310	62961434	10017152	5364801
72651154	18139948	81823764	3023481	19899145
12908706	85278879	10576302	75585615	79445593
10183529	64677626	7643940	14429474	17461254
90901312	4733490	7645815	55254580	89254484
86890545	23895185	85522138	562098	4529463
79012500	57827402	77814648	6147425	78720515
89703037	8908219	8014733	1855032	52542055
10753591	39956502	65925396	63994018	93769072
5887922	13974307	13721422	72960723	37462178
59083374	46729850	89658188	24889295	18993157
66767104	83666481	18883044	68831266	73841603
72407660	15311478	28371863	71749209	91567400
96133663	95493028	22816151	35488073	14663976
18344581	61673330	96472099	14845912	94120213
95899368	55089210	23872987	25535519	41715972
54570783	3487197	31596551	40947736	21463000
35417214	31088770	15832963	45822033	33190524
81656032	7144838	65733562	8198527	5210975
26905709	85261408	93831798	67844620	52193336
74611028	60125299	71161726	14820946	28748492
49545590	82414735	73813838	21785921	23579290
29749591	59774416	96738406	81997574	40592667
73834010	94421242	39315304	1494291	79640773
51783264	22916969	49898764	3651630	98327021
13545206	21905453	5315739	99015888	61250479
90078308	40464382	62850225	25382293	24291563
65549043	16746846	72582445	41892913	66311107
96291035	254325	38782545	81070870	77060738
51048085	61547328	44088794	45744078	23421935
26605253	33182062	75290887	54447482	36377775
6703556	8342573	54266141	73581835	44792549
5200972	51852617	33459265	62756852	83836652
99653671	75818063	53435141	29925435	53455986
55999431	85229839	67750654	36836454	77872191
87228443	90402045	53735720	83317873	97173566
62295777	18235800	39334930	64288298	68140199
58533374	67287267	55124992	94551072	86736617
32921552	48583548	2430746	70589514	4375429
31865324	25645135	8380136	36500935	75136156
67082033	73563590	65289204	66778739	86511626
177673	64953947	84889284	41948203	11264070
3340726	52701479	38213427	70730959	62180796
49195811	24293343	83293437	24060022	75431254
48437686	27565127	96072902	59411502	33144898
97171800	56128497	64463342	59823948	96028751
35807897	48048860	29009140	98518037	7951657